1024,0,1,1
1024,1,1,1
1024,2,1,1
1024,3,1,1
1024,4,1,1
1024,5,1,1
1024,6,1,1
1024,7,1,1
1025,8,1,1
1025,9,1,1
1025,10,1,1
1025,11,1,1
1025,12,1,1
1025,13,1,1
1025,14,1,1
1025,15,1,1
1026,16,1,1
1026,17,1,1
1026,18,1,1
1026,19,1,1
1026,20,1,1
1026,21,1,1
1026,22,1,1
1026,23,1,1
1027,24,1,1
1027,25,1,1
1027,26,1,1
1027,27,1,1
1027,28,1,1
1027,29,1,1
1027,30,1,1
1027,31,1,1
1028,32,1,1
1028,33,1,1
1028,34,1,1
1028,35,1,1
1028,36,1,1
1028,37,1,1
1028,38,1,1
1028,39,1,1
1029,40,1,1
1029,41,1,1
1029,42,1,1
1029,43,1,1
1029,44,1,1
1029,45,1,1
1029,46,1,1
1029,47,1,1
1030,48,1,1
1030,49,1,1
1030,50,1,1
1030,51,1,1
1030,52,1,1
1030,53,1,1
1030,54,1,1
1030,55,1,1
1031,56,1,1
1031,57,1,1
1031,58,1,1
1031,59,1,1
1031,60,1,1
1031,61,1,1
1031,62,1,1
1031,63,1,1
1032,64,1,1
1032,65,1,1
1032,66,1,1
1032,67,1,1
1032,68,1,1
1032,69,1,1
1032,70,1,1
1032,71,1,1
1033,72,1,1
1033,73,1,1
1033,74,1,1
1033,75,1,1
1033,76,1,1
1033,77,1,1
1033,78,1,1
1033,79,1,1
1034,80,1,1
1034,81,1,1
1034,82,1,1
1034,83,1,1
1034,84,1,1
1034,85,1,1
1034,86,1,1
1034,87,1,1
1035,88,1,1
1035,89,1,1
1035,90,1,1
1035,91,1,1
1035,92,1,1
1035,93,1,1
1035,94,1,1
1035,95,1,1
1036,96,1,1
1036,97,1,1
1036,98,1,1
1036,99,1,1
1036,100,1,1
1036,101,1,1
1036,102,1,1
1036,103,1,1
1037,104,1,1
1037,105,1,1
1037,106,1,1
1037,107,1,1
1037,108,1,1
1037,109,1,1
1037,110,1,1
1037,111,1,1
1038,112,1,1
1038,113,1,1
1038,114,1,1
1038,115,1,1
1038,116,1,1
1038,117,1,1
1038,118,1,1
1038,119,1,1
1039,120,1,1
1039,121,1,1
1039,122,1,1
1039,123,1,1
1039,124,1,1
1039,125,1,1
1039,126,1,1
1039,127,1,1
1040,128,1,1
1040,129,1,1
1040,130,1,1
1040,131,1,1
1040,132,1,1
1040,133,1,1
1040,134,1,1
1040,135,1,1
1041,136,1,1
1041,137,1,1
1041,138,1,1
1041,139,1,1
1041,140,1,1
1041,141,1,1
1041,142,1,1
1041,143,1,1
1042,144,1,1
1042,145,1,1
1042,146,1,1
1042,147,1,1
1042,148,1,1
1042,149,1,1
1042,150,1,1
1042,151,1,1
1043,152,1,1
1043,153,1,1
1043,154,1,1
1043,155,1,1
1043,156,1,1
1043,157,1,1
1043,158,1,1
1043,159,1,1
1044,160,1,1
1044,161,1,1
1044,162,1,1
1044,163,1,1
1044,164,1,1
1044,165,1,1
1044,166,1,1
1044,167,1,1
1045,168,1,1
1045,169,1,1
1045,170,1,1
1045,171,1,1
1045,172,1,1
1045,173,1,1
1045,174,1,1
1045,175,1,1
1046,176,1,1
1046,177,1,1
1046,178,1,1
1046,179,1,1
1046,180,1,1
1046,181,1,1
1046,182,1,1
1046,183,1,1
1047,184,1,1
1047,185,1,1
1047,186,1,1
1047,187,1,1
1047,188,1,1
1047,189,1,1
1047,190,1,1
1047,191,1,1
1048,192,1,1
1048,193,1,1
1048,194,1,1
1048,195,1,1
1048,196,1,1
1048,197,1,1
1048,198,1,1
1048,199,1,1
1049,200,1,1
1049,201,1,1
1049,202,1,1
1049,203,1,1
1049,204,1,1
1049,205,1,1
1049,206,1,1
1049,207,1,1
1050,208,1,1
1050,209,1,1
1050,210,1,1
1050,211,1,1
1050,212,1,1
1050,213,1,1
1050,214,1,1
1050,215,1,1
1051,216,1,1
1051,217,1,1
1051,218,1,1
1051,219,1,1
1051,220,1,1
1051,221,1,1
1051,222,1,1
1051,223,1,1
1052,224,1,1
1052,225,1,1
1052,226,1,1
1052,227,1,1
1052,228,1,1
1052,229,1,1
1052,230,1,1
1052,231,1,1
1053,232,1,1
1053,233,1,1
1053,234,1,1
1053,235,1,1
1053,236,1,1
1053,237,1,1
1053,238,1,1
1053,239,1,1
1054,240,1,1
1054,241,1,1
1054,242,1,1
1054,243,1,1
1054,244,1,1
1054,245,1,1
1054,246,1,1
1054,247,1,1
1055,248,1,1
1055,249,1,1
1055,250,1,1
1055,251,1,1
1055,252,1,1
1055,253,1,1
1055,254,1,1
1055,255,1,1
1056,256,1,1
1056,257,1,1
1056,258,1,1
1056,259,1,1
1056,260,1,1
1056,261,1,1
1056,262,1,1
1056,263,1,1
1057,264,1,1
1057,265,1,1
1057,266,1,1
1057,267,1,1
1057,268,1,1
1057,269,1,1
1057,270,1,1
1057,271,1,1
1058,272,1,1
1058,273,1,1
1058,274,1,1
1058,275,1,1
1058,276,1,1
1058,277,1,1
1058,278,1,1
1058,279,1,1
1059,280,1,1
1059,281,1,1
1059,282,1,1
1059,283,1,1
1059,284,1,1
1059,285,1,1
1059,286,1,1
1059,287,1,1
1060,288,1,1
1060,289,1,1
1060,290,1,1
1060,291,1,1
1060,292,1,1
1060,293,1,1
1060,294,1,1
1060,295,1,1
1061,296,1,1
1061,297,1,1
1061,298,1,1
1061,299,1,1
1061,300,1,1
1061,301,1,1
1061,302,1,1
1061,303,1,1
1062,304,1,1
1062,305,1,1
1062,306,1,1
1062,307,1,1
1062,308,1,1
1062,309,1,1
1062,310,1,1
1062,311,1,1
1063,312,1,1
1063,313,1,1
1063,314,1,1
1063,315,1,1
1063,316,1,1
1063,317,1,1
1063,318,1,1
1063,319,1,1
1064,320,1,1
1064,321,1,1
1064,322,1,1
1064,323,1,1
1064,324,1,1
1064,325,1,1
1064,326,1,1
1064,327,1,1
1065,328,1,1
1065,329,1,1
1065,330,1,1
1065,331,1,1
1065,332,1,1
1065,333,1,1
1065,334,1,1
1065,335,1,1
1066,336,1,1
1066,337,1,1
1066,338,1,1
1066,339,1,1
1066,340,1,1
1066,341,1,1
1066,342,1,1
1066,343,1,1
1067,344,1,1
1067,345,1,1
1067,346,1,1
1067,347,1,1
1067,348,1,1
1067,349,1,1
1067,350,1,1
1067,351,1,1
1068,352,1,1
1068,353,1,1
1068,354,1,1
1068,355,1,1
1068,356,1,1
1068,357,1,1
1068,358,1,1
1068,359,1,1
1069,360,1,1
1069,361,1,1
1069,362,1,1
1069,363,1,1
1069,364,1,1
1069,365,1,1
1069,366,1,1
1069,367,1,1
1070,368,1,1
1070,369,1,1
1070,370,1,1
1070,371,1,1
1070,372,1,1
1070,373,1,1
1070,374,1,1
1070,375,1,1
1071,376,1,1
1071,377,1,1
1071,378,1,1
1071,379,1,1
1071,380,1,1
1071,381,1,1
1071,382,1,1
1071,383,1,1
1072,384,1,1
1072,385,1,1
1072,386,1,1
1072,387,1,1
1072,388,1,1
1072,389,1,1
1072,390,1,1
1072,391,1,1
1073,392,1,1
1073,393,1,1
1073,394,1,1
1073,395,1,1
1073,396,1,1
1073,397,1,1
1073,398,1,1
1073,399,1,1
1074,400,1,1
1074,401,1,1
1074,402,1,1
1074,403,1,1
1074,404,1,1
1074,405,1,1
1074,406,1,1
1074,407,1,1
1075,408,1,1
1075,409,1,1
1075,410,1,1
1075,411,1,1
1075,412,1,1
1075,413,1,1
1075,414,1,1
1075,415,1,1
1076,416,1,1
1076,417,1,1
1076,418,1,1
1076,419,1,1
1076,420,1,1
1076,421,1,1
1076,422,1,1
1076,423,1,1
1077,424,1,1
1077,425,1,1
1077,426,1,1
1077,427,1,1
1077,428,1,1
1077,429,1,1
1077,430,1,1
1077,431,1,1
1078,432,1,1
1078,433,1,1
1078,434,1,1
1078,435,1,1
1078,436,1,1
1078,437,1,1
1078,438,1,1
1078,439,1,1
1079,440,1,1
1079,441,1,1
1079,442,1,1
1079,443,1,1
1079,444,1,1
1079,445,1,1
1079,446,1,1
1079,447,1,1
1080,448,1,1
1080,449,1,1
1080,450,1,1
1080,451,1,1
1080,452,1,1
1080,453,1,1
1080,454,1,1
1080,455,1,1
1081,456,1,1
1081,457,1,1
1081,458,1,1
1081,459,1,1
1081,460,1,1
1081,461,1,1
1081,462,1,1
1081,463,1,1
1082,464,1,1
1082,465,1,1
1082,466,1,1
1082,467,1,1
1082,468,1,1
1082,469,1,1
1082,470,1,1
1082,471,1,1
1083,472,1,1
1083,473,1,1
1083,474,1,1
1083,475,1,1
1083,476,1,1
1083,477,1,1
1083,478,1,1
1083,479,1,1
1084,480,1,1
1084,481,1,1
1084,482,1,1
1084,483,1,1
1084,484,1,1
1084,485,1,1
1084,486,1,1
1084,487,1,1
1085,488,1,1
1085,489,1,1
1085,490,1,1
1085,491,1,1
1085,492,1,1
1085,493,1,1
1085,494,1,1
1085,495,1,1
1086,496,1,1
1086,497,1,1
1086,498,1,1
1086,499,1,1
1086,500,1,1
1086,501,1,1
1086,502,1,1
1086,503,1,1
1087,504,1,1
1087,505,1,1
1087,506,1,1
1087,507,1,1
1087,508,1,1
1087,509,1,1
1087,510,1,1
1087,511,1,1
1088,512,1,1
1088,513,1,1
1088,514,1,1
1088,515,1,1
1088,516,1,1
1088,517,1,1
1088,518,1,1
1088,519,1,1
1089,520,1,1
1089,521,1,1
1089,522,1,1
1089,523,1,1
1089,524,1,1
1089,525,1,1
1089,526,1,1
1089,527,1,1
1090,528,1,1
1090,529,1,1
1090,530,1,1
1090,531,1,1
1090,532,1,1
1090,533,1,1
1090,534,1,1
1090,535,1,1
1091,536,1,1
1091,537,1,1
1091,538,1,1
1091,539,1,1
1091,540,1,1
1091,541,1,1
1091,542,1,1
1091,543,1,1
1092,544,1,1
1092,545,1,1
1092,546,1,1
1092,547,1,1
1092,548,1,1
1092,549,1,1
1092,550,1,1
1092,551,1,1
1093,552,1,1
1093,553,1,1
1093,554,1,1
1093,555,1,1
1093,556,1,1
1093,557,1,1
1093,558,1,1
1093,559,1,1
1094,560,1,1
1094,561,1,1
1094,562,1,1
1094,563,1,1
1094,564,1,1
1094,565,1,1
1094,566,1,1
1094,567,1,1
1095,568,1,1
1095,569,1,1
1095,570,1,1
1095,571,1,1
1095,572,1,1
1095,573,1,1
1095,574,1,1
1095,575,1,1
1096,576,1,1
1096,577,1,1
1096,578,1,1
1096,579,1,1
1096,580,1,1
1096,581,1,1
1096,582,1,1
1096,583,1,1
1097,584,1,1
1097,585,1,1
1097,586,1,1
1097,587,1,1
1097,588,1,1
1097,589,1,1
1097,590,1,1
1097,591,1,1
1098,592,1,1
1098,593,1,1
1098,594,1,1
1098,595,1,1
1098,596,1,1
1098,597,1,1
1098,598,1,1
1098,599,1,1
1099,600,1,1
1099,601,1,1
1099,602,1,1
1099,603,1,1
1099,604,1,1
1099,605,1,1
1099,606,1,1
1099,607,1,1
1100,608,1,1
1100,609,1,1
1100,610,1,1
1100,611,1,1
1100,612,1,1
1100,613,1,1
1100,614,1,1
1100,615,1,1
1101,616,1,1
1101,617,1,1
1101,618,1,1
1101,619,1,1
1101,620,1,1
1101,621,1,1
1101,622,1,1
1101,623,1,1
1102,624,1,1
1102,625,1,1
1102,626,1,1
1102,627,1,1
1102,628,1,1
1102,629,1,1
1102,630,1,1
1102,631,1,1
1103,632,1,1
1103,633,1,1
1103,634,1,1
1103,635,1,1
1103,636,1,1
1103,637,1,1
1103,638,1,1
1103,639,1,1
1104,640,1,1
1104,641,1,1
1104,642,1,1
1104,643,1,1
1104,644,1,1
1104,645,1,1
1104,646,1,1
1104,647,1,1
1105,648,1,1
1105,649,1,1
1105,650,1,1
1105,651,1,1
1105,652,1,1
1105,653,1,1
1105,654,1,1
1105,655,1,1
1106,656,1,1
1106,657,1,1
1106,658,1,1
1106,659,1,1
1106,660,1,1
1106,661,1,1
1106,662,1,1
1106,663,1,1
1107,664,1,1
1107,665,1,1
1107,666,1,1
1107,667,1,1
1107,668,1,1
1107,669,1,1
1107,670,1,1
1107,671,1,1
1108,672,1,1
1108,673,1,1
1108,674,1,1
1108,675,1,1
1108,676,1,1
1108,677,1,1
1108,678,1,1
1108,679,1,1
1109,680,1,1
1109,681,1,1
1109,682,1,1
1109,683,1,1
1109,684,1,1
1109,685,1,1
1109,686,1,1
1109,687,1,1
1110,688,1,1
1110,689,1,1
1110,690,1,1
1110,691,1,1
1110,692,1,1
1110,693,1,1
1110,694,1,1
1110,695,1,1
1111,696,1,1
1111,697,1,1
1111,698,1,1
1111,699,1,1
1111,700,1,1
1111,701,1,1
1111,702,1,1
1111,703,1,1
1112,704,1,1
1112,705,1,1
1112,706,1,1
1112,707,1,1
1112,708,1,1
1112,709,1,1
1112,710,1,1
1112,711,1,1
1113,712,1,1
1113,713,1,1
1113,714,1,1
1113,715,1,1
1113,716,1,1
1113,717,1,1
1113,718,1,1
1113,719,1,1
1114,720,1,1
1114,721,1,1
1114,722,1,1
1114,723,1,1
1114,724,1,1
1114,725,1,1
1114,726,1,1
1114,727,1,1
1115,728,1,1
1115,729,1,1
1115,730,1,1
1115,731,1,1
1115,732,1,1
1115,733,1,1
1115,734,1,1
1115,735,1,1
1116,736,1,1
1116,737,1,1
1116,738,1,1
1116,739,1,1
1116,740,1,1
1116,741,1,1
1116,742,1,1
1116,743,1,1
1117,744,1,1
1117,745,1,1
1117,746,1,1
1117,747,1,1
1117,748,1,1
1117,749,1,1
1117,750,1,1
1117,751,1,1
1118,752,1,1
1118,753,1,1
1118,754,1,1
1118,755,1,1
1118,756,1,1
1118,757,1,1
1118,758,1,1
1118,759,1,1
1119,760,1,1
1119,761,1,1
1119,762,1,1
1119,763,1,1
1119,764,1,1
1119,765,1,1
1119,766,1,1
1119,767,1,1
1120,768,1,1
1120,769,1,1
1120,770,1,1
1120,771,1,1
1120,772,1,1
1120,773,1,1
1120,774,1,1
1120,775,1,1
1121,776,1,1
1121,777,1,1
1121,778,1,1
1121,779,1,1
1121,780,1,1
1121,781,1,1
1121,782,1,1
1121,783,1,1
1122,784,1,1
1122,785,1,1
1122,786,1,1
1122,787,1,1
1122,788,1,1
1122,789,1,1
1122,790,1,1
1122,791,1,1
1123,792,1,1
1123,793,1,1
1123,794,1,1
1123,795,1,1
1123,796,1,1
1123,797,1,1
1123,798,1,1
1123,799,1,1
1124,800,1,1
1124,801,1,1
1124,802,1,1
1124,803,1,1
1124,804,1,1
1124,805,1,1
1124,806,1,1
1124,807,1,1
1125,808,1,1
1125,809,1,1
1125,810,1,1
1125,811,1,1
1125,812,1,1
1125,813,1,1
1125,814,1,1
1125,815,1,1
1126,816,1,1
1126,817,1,1
1126,818,1,1
1126,819,1,1
1126,820,1,1
1126,821,1,1
1126,822,1,1
1126,823,1,1
1127,824,1,1
1127,825,1,1
1127,826,1,1
1127,827,1,1
1127,828,1,1
1127,829,1,1
1127,830,1,1
1127,831,1,1
1128,832,1,1
1128,833,1,1
1128,834,1,1
1128,835,1,1
1128,836,1,1
1128,837,1,1
1128,838,1,1
1128,839,1,1
1129,840,1,1
1129,841,1,1
1129,842,1,1
1129,843,1,1
1129,844,1,1
1129,845,1,1
1129,846,1,1
1129,847,1,1
1130,848,1,1
1130,849,1,1
1130,850,1,1
1130,851,1,1
1130,852,1,1
1130,853,1,1
1130,854,1,1
1130,855,1,1
1131,856,1,1
1131,857,1,1
1131,858,1,1
1131,859,1,1
1131,860,1,1
1131,861,1,1
1131,862,1,1
1131,863,1,1
1132,864,1,1
1132,865,1,1
1132,866,1,1
1132,867,1,1
1132,868,1,1
1132,869,1,1
1132,870,1,1
1132,871,1,1
1133,872,1,1
1133,873,1,1
1133,874,1,1
1133,875,1,1
1133,876,1,1
1133,877,1,1
1133,878,1,1
1133,879,1,1
1134,880,1,1
1134,881,1,1
1134,882,1,1
1134,883,1,1
1134,884,1,1
1134,885,1,1
1134,886,1,1
1134,887,1,1
1135,888,1,1
1135,889,1,1
1135,890,1,1
1135,891,1,1
1135,892,1,1
1135,893,1,1
1135,894,1,1
1135,895,1,1
1136,896,1,1
1136,897,1,1
1136,898,1,1
1136,899,1,1
1136,900,1,1
1136,901,1,1
1136,902,1,1
1136,903,1,1
1137,904,1,1
1137,905,1,1
1137,906,1,1
1137,907,1,1
1137,908,1,1
1137,909,1,1
1137,910,1,1
1137,911,1,1
1138,912,1,1
1138,913,1,1
1138,914,1,1
1138,915,1,1
1138,916,1,1
1138,917,1,1
1138,918,1,1
1138,919,1,1
1139,920,1,1
1139,921,1,1
1139,922,1,1
1139,923,1,1
1139,924,1,1
1139,925,1,1
1139,926,1,1
1139,927,1,1
1140,928,1,1
1140,929,1,1
1140,930,1,1
1140,931,1,1
1140,932,1,1
1140,933,1,1
1140,934,1,1
1140,935,1,1
1141,936,1,1
1141,937,1,1
1141,938,1,1
1141,939,1,1
1141,940,1,1
1141,941,1,1
1141,942,1,1
1141,943,1,1
1142,944,1,1
1142,945,1,1
1142,946,1,1
1142,947,1,1
1142,948,1,1
1142,949,1,1
1142,950,1,1
1142,951,1,1
1143,952,1,1
1143,953,1,1
1143,954,1,1
1143,955,1,1
1143,956,1,1
1143,957,1,1
1143,958,1,1
1143,959,1,1
1144,960,1,1
1144,961,1,1
1144,962,1,1
1144,963,1,1
1144,964,1,1
1144,965,1,1
1144,966,1,1
1144,967,1,1
1145,968,1,1
1145,969,1,1
1145,970,1,1
1145,971,1,1
1145,972,1,1
1145,973,1,1
1145,974,1,1
1145,975,1,1
1146,976,1,1
1146,977,1,1
1146,978,1,1
1146,979,1,1
1146,980,1,1
1146,981,1,1
1146,982,1,1
1146,983,1,1
1147,984,1,1
1147,985,1,1
1147,986,1,1
1147,987,1,1
1147,988,1,1
1147,989,1,1
1147,990,1,1
1147,991,1,1
1148,992,1,1
1148,993,1,1
1148,994,1,1
1148,995,1,1
1148,996,1,1
1148,997,1,1
1148,998,1,1
1148,999,1,1
1149,1000,1,1
1149,1001,1,1
1149,1002,1,1
1149,1003,1,1
1149,1004,1,1
1149,1005,1,1
1149,1006,1,1
1149,1007,1,1
1150,1008,1,1
1150,1009,1,1
1150,1010,1,1
1150,1011,1,1
1150,1012,1,1
1150,1013,1,1
1150,1014,1,1
1150,1015,1,1
1151,1016,1,1
1151,1017,1,1
1151,1018,1,1
1151,1019,1,1
1151,1020,1,1
1151,1021,1,1
1151,1022,1,1
1151,1023,1,1
0,1024,1,1
1,1024,1,1
2,1024,1,1
3,1024,1,1
4,1024,1,1
5,1024,1,1
6,1024,1,1
7,1024,1,1
1152,1024,1,1
1153,1024,1,1
1154,1024,1,1
1155,1024,1,1
1156,1024,1,1
1157,1024,1,1
1158,1024,1,1
1159,1024,1,1
8,1025,1,1
9,1025,1,1
10,1025,1,1
11,1025,1,1
12,1025,1,1
13,1025,1,1
14,1025,1,1
15,1025,1,1
1152,1025,1,1
1153,1025,1,1
1154,1025,1,1
1155,1025,1,1
1156,1025,1,1
1157,1025,1,1
1158,1025,1,1
1159,1025,1,1
16,1026,1,1
17,1026,1,1
18,1026,1,1
19,1026,1,1
20,1026,1,1
21,1026,1,1
22,1026,1,1
23,1026,1,1
1152,1026,1,1
1153,1026,1,1
1154,1026,1,1
1155,1026,1,1
1156,1026,1,1
1157,1026,1,1
1158,1026,1,1
1159,1026,1,1
24,1027,1,1
25,1027,1,1
26,1027,1,1
27,1027,1,1
28,1027,1,1
29,1027,1,1
30,1027,1,1
31,1027,1,1
1152,1027,1,1
1153,1027,1,1
1154,1027,1,1
1155,1027,1,1
1156,1027,1,1
1157,1027,1,1
1158,1027,1,1
1159,1027,1,1
32,1028,1,1
33,1028,1,1
34,1028,1,1
35,1028,1,1
36,1028,1,1
37,1028,1,1
38,1028,1,1
39,1028,1,1
1152,1028,1,1
1153,1028,1,1
1154,1028,1,1
1155,1028,1,1
1156,1028,1,1
1157,1028,1,1
1158,1028,1,1
1159,1028,1,1
40,1029,1,1
41,1029,1,1
42,1029,1,1
43,1029,1,1
44,1029,1,1
45,1029,1,1
46,1029,1,1
47,1029,1,1
1152,1029,1,1
1153,1029,1,1
1154,1029,1,1
1155,1029,1,1
1156,1029,1,1
1157,1029,1,1
1158,1029,1,1
1159,1029,1,1
48,1030,1,1
49,1030,1,1
50,1030,1,1
51,1030,1,1
52,1030,1,1
53,1030,1,1
54,1030,1,1
55,1030,1,1
1152,1030,1,1
1153,1030,1,1
1154,1030,1,1
1155,1030,1,1
1156,1030,1,1
1157,1030,1,1
1158,1030,1,1
1159,1030,1,1
56,1031,1,1
57,1031,1,1
58,1031,1,1
59,1031,1,1
60,1031,1,1
61,1031,1,1
62,1031,1,1
63,1031,1,1
1152,1031,1,1
1153,1031,1,1
1154,1031,1,1
1155,1031,1,1
1156,1031,1,1
1157,1031,1,1
1158,1031,1,1
1159,1031,1,1
64,1032,1,1
65,1032,1,1
66,1032,1,1
67,1032,1,1
68,1032,1,1
69,1032,1,1
70,1032,1,1
71,1032,1,1
1160,1032,1,1
1161,1032,1,1
1162,1032,1,1
1163,1032,1,1
1164,1032,1,1
1165,1032,1,1
1166,1032,1,1
1167,1032,1,1
72,1033,1,1
73,1033,1,1
74,1033,1,1
75,1033,1,1
76,1033,1,1
77,1033,1,1
78,1033,1,1
79,1033,1,1
1160,1033,1,1
1161,1033,1,1
1162,1033,1,1
1163,1033,1,1
1164,1033,1,1
1165,1033,1,1
1166,1033,1,1
1167,1033,1,1
80,1034,1,1
81,1034,1,1
82,1034,1,1
83,1034,1,1
84,1034,1,1
85,1034,1,1
86,1034,1,1
87,1034,1,1
1160,1034,1,1
1161,1034,1,1
1162,1034,1,1
1163,1034,1,1
1164,1034,1,1
1165,1034,1,1
1166,1034,1,1
1167,1034,1,1
88,1035,1,1
89,1035,1,1
90,1035,1,1
91,1035,1,1
92,1035,1,1
93,1035,1,1
94,1035,1,1
95,1035,1,1
1160,1035,1,1
1161,1035,1,1
1162,1035,1,1
1163,1035,1,1
1164,1035,1,1
1165,1035,1,1
1166,1035,1,1
1167,1035,1,1
96,1036,1,1
97,1036,1,1
98,1036,1,1
99,1036,1,1
100,1036,1,1
101,1036,1,1
102,1036,1,1
103,1036,1,1
1160,1036,1,1
1161,1036,1,1
1162,1036,1,1
1163,1036,1,1
1164,1036,1,1
1165,1036,1,1
1166,1036,1,1
1167,1036,1,1
104,1037,1,1
105,1037,1,1
106,1037,1,1
107,1037,1,1
108,1037,1,1
109,1037,1,1
110,1037,1,1
111,1037,1,1
1160,1037,1,1
1161,1037,1,1
1162,1037,1,1
1163,1037,1,1
1164,1037,1,1
1165,1037,1,1
1166,1037,1,1
1167,1037,1,1
112,1038,1,1
113,1038,1,1
114,1038,1,1
115,1038,1,1
116,1038,1,1
117,1038,1,1
118,1038,1,1
119,1038,1,1
1160,1038,1,1
1161,1038,1,1
1162,1038,1,1
1163,1038,1,1
1164,1038,1,1
1165,1038,1,1
1166,1038,1,1
1167,1038,1,1
120,1039,1,1
121,1039,1,1
122,1039,1,1
123,1039,1,1
124,1039,1,1
125,1039,1,1
126,1039,1,1
127,1039,1,1
1160,1039,1,1
1161,1039,1,1
1162,1039,1,1
1163,1039,1,1
1164,1039,1,1
1165,1039,1,1
1166,1039,1,1
1167,1039,1,1
128,1040,1,1
129,1040,1,1
130,1040,1,1
131,1040,1,1
132,1040,1,1
133,1040,1,1
134,1040,1,1
135,1040,1,1
1168,1040,1,1
1169,1040,1,1
1170,1040,1,1
1171,1040,1,1
1172,1040,1,1
1173,1040,1,1
1174,1040,1,1
1175,1040,1,1
136,1041,1,1
137,1041,1,1
138,1041,1,1
139,1041,1,1
140,1041,1,1
141,1041,1,1
142,1041,1,1
143,1041,1,1
1168,1041,1,1
1169,1041,1,1
1170,1041,1,1
1171,1041,1,1
1172,1041,1,1
1173,1041,1,1
1174,1041,1,1
1175,1041,1,1
144,1042,1,1
145,1042,1,1
146,1042,1,1
147,1042,1,1
148,1042,1,1
149,1042,1,1
150,1042,1,1
151,1042,1,1
1168,1042,1,1
1169,1042,1,1
1170,1042,1,1
1171,1042,1,1
1172,1042,1,1
1173,1042,1,1
1174,1042,1,1
1175,1042,1,1
152,1043,1,1
153,1043,1,1
154,1043,1,1
155,1043,1,1
156,1043,1,1
157,1043,1,1
158,1043,1,1
159,1043,1,1
1168,1043,1,1
1169,1043,1,1
1170,1043,1,1
1171,1043,1,1
1172,1043,1,1
1173,1043,1,1
1174,1043,1,1
1175,1043,1,1
160,1044,1,1
161,1044,1,1
162,1044,1,1
163,1044,1,1
164,1044,1,1
165,1044,1,1
166,1044,1,1
167,1044,1,1
1168,1044,1,1
1169,1044,1,1
1170,1044,1,1
1171,1044,1,1
1172,1044,1,1
1173,1044,1,1
1174,1044,1,1
1175,1044,1,1
168,1045,1,1
169,1045,1,1
170,1045,1,1
171,1045,1,1
172,1045,1,1
173,1045,1,1
174,1045,1,1
175,1045,1,1
1168,1045,1,1
1169,1045,1,1
1170,1045,1,1
1171,1045,1,1
1172,1045,1,1
1173,1045,1,1
1174,1045,1,1
1175,1045,1,1
176,1046,1,1
177,1046,1,1
178,1046,1,1
179,1046,1,1
180,1046,1,1
181,1046,1,1
182,1046,1,1
183,1046,1,1
1168,1046,1,1
1169,1046,1,1
1170,1046,1,1
1171,1046,1,1
1172,1046,1,1
1173,1046,1,1
1174,1046,1,1
1175,1046,1,1
184,1047,1,1
185,1047,1,1
186,1047,1,1
187,1047,1,1
188,1047,1,1
189,1047,1,1
190,1047,1,1
191,1047,1,1
1168,1047,1,1
1169,1047,1,1
1170,1047,1,1
1171,1047,1,1
1172,1047,1,1
1173,1047,1,1
1174,1047,1,1
1175,1047,1,1
192,1048,1,1
193,1048,1,1
194,1048,1,1
195,1048,1,1
196,1048,1,1
197,1048,1,1
198,1048,1,1
199,1048,1,1
1176,1048,1,1
1177,1048,1,1
1178,1048,1,1
1179,1048,1,1
1180,1048,1,1
1181,1048,1,1
1182,1048,1,1
1183,1048,1,1
200,1049,1,1
201,1049,1,1
202,1049,1,1
203,1049,1,1
204,1049,1,1
205,1049,1,1
206,1049,1,1
207,1049,1,1
1176,1049,1,1
1177,1049,1,1
1178,1049,1,1
1179,1049,1,1
1180,1049,1,1
1181,1049,1,1
1182,1049,1,1
1183,1049,1,1
208,1050,1,1
209,1050,1,1
210,1050,1,1
211,1050,1,1
212,1050,1,1
213,1050,1,1
214,1050,1,1
215,1050,1,1
1176,1050,1,1
1177,1050,1,1
1178,1050,1,1
1179,1050,1,1
1180,1050,1,1
1181,1050,1,1
1182,1050,1,1
1183,1050,1,1
216,1051,1,1
217,1051,1,1
218,1051,1,1
219,1051,1,1
220,1051,1,1
221,1051,1,1
222,1051,1,1
223,1051,1,1
1176,1051,1,1
1177,1051,1,1
1178,1051,1,1
1179,1051,1,1
1180,1051,1,1
1181,1051,1,1
1182,1051,1,1
1183,1051,1,1
224,1052,1,1
225,1052,1,1
226,1052,1,1
227,1052,1,1
228,1052,1,1
229,1052,1,1
230,1052,1,1
231,1052,1,1
1176,1052,1,1
1177,1052,1,1
1178,1052,1,1
1179,1052,1,1
1180,1052,1,1
1181,1052,1,1
1182,1052,1,1
1183,1052,1,1
232,1053,1,1
233,1053,1,1
234,1053,1,1
235,1053,1,1
236,1053,1,1
237,1053,1,1
238,1053,1,1
239,1053,1,1
1176,1053,1,1
1177,1053,1,1
1178,1053,1,1
1179,1053,1,1
1180,1053,1,1
1181,1053,1,1
1182,1053,1,1
1183,1053,1,1
240,1054,1,1
241,1054,1,1
242,1054,1,1
243,1054,1,1
244,1054,1,1
245,1054,1,1
246,1054,1,1
247,1054,1,1
1176,1054,1,1
1177,1054,1,1
1178,1054,1,1
1179,1054,1,1
1180,1054,1,1
1181,1054,1,1
1182,1054,1,1
1183,1054,1,1
248,1055,1,1
249,1055,1,1
250,1055,1,1
251,1055,1,1
252,1055,1,1
253,1055,1,1
254,1055,1,1
255,1055,1,1
1176,1055,1,1
1177,1055,1,1
1178,1055,1,1
1179,1055,1,1
1180,1055,1,1
1181,1055,1,1
1182,1055,1,1
1183,1055,1,1
256,1056,1,1
257,1056,1,1
258,1056,1,1
259,1056,1,1
260,1056,1,1
261,1056,1,1
262,1056,1,1
263,1056,1,1
1184,1056,1,1
1185,1056,1,1
1186,1056,1,1
1187,1056,1,1
1188,1056,1,1
1189,1056,1,1
1190,1056,1,1
1191,1056,1,1
264,1057,1,1
265,1057,1,1
266,1057,1,1
267,1057,1,1
268,1057,1,1
269,1057,1,1
270,1057,1,1
271,1057,1,1
1184,1057,1,1
1185,1057,1,1
1186,1057,1,1
1187,1057,1,1
1188,1057,1,1
1189,1057,1,1
1190,1057,1,1
1191,1057,1,1
272,1058,1,1
273,1058,1,1
274,1058,1,1
275,1058,1,1
276,1058,1,1
277,1058,1,1
278,1058,1,1
279,1058,1,1
1184,1058,1,1
1185,1058,1,1
1186,1058,1,1
1187,1058,1,1
1188,1058,1,1
1189,1058,1,1
1190,1058,1,1
1191,1058,1,1
280,1059,1,1
281,1059,1,1
282,1059,1,1
283,1059,1,1
284,1059,1,1
285,1059,1,1
286,1059,1,1
287,1059,1,1
1184,1059,1,1
1185,1059,1,1
1186,1059,1,1
1187,1059,1,1
1188,1059,1,1
1189,1059,1,1
1190,1059,1,1
1191,1059,1,1
288,1060,1,1
289,1060,1,1
290,1060,1,1
291,1060,1,1
292,1060,1,1
293,1060,1,1
294,1060,1,1
295,1060,1,1
1184,1060,1,1
1185,1060,1,1
1186,1060,1,1
1187,1060,1,1
1188,1060,1,1
1189,1060,1,1
1190,1060,1,1
1191,1060,1,1
296,1061,1,1
297,1061,1,1
298,1061,1,1
299,1061,1,1
300,1061,1,1
301,1061,1,1
302,1061,1,1
303,1061,1,1
1184,1061,1,1
1185,1061,1,1
1186,1061,1,1
1187,1061,1,1
1188,1061,1,1
1189,1061,1,1
1190,1061,1,1
1191,1061,1,1
304,1062,1,1
305,1062,1,1
306,1062,1,1
307,1062,1,1
308,1062,1,1
309,1062,1,1
310,1062,1,1
311,1062,1,1
1184,1062,1,1
1185,1062,1,1
1186,1062,1,1
1187,1062,1,1
1188,1062,1,1
1189,1062,1,1
1190,1062,1,1
1191,1062,1,1
312,1063,1,1
313,1063,1,1
314,1063,1,1
315,1063,1,1
316,1063,1,1
317,1063,1,1
318,1063,1,1
319,1063,1,1
1184,1063,1,1
1185,1063,1,1
1186,1063,1,1
1187,1063,1,1
1188,1063,1,1
1189,1063,1,1
1190,1063,1,1
1191,1063,1,1
320,1064,1,1
321,1064,1,1
322,1064,1,1
323,1064,1,1
324,1064,1,1
325,1064,1,1
326,1064,1,1
327,1064,1,1
1192,1064,1,1
1193,1064,1,1
1194,1064,1,1
1195,1064,1,1
1196,1064,1,1
1197,1064,1,1
1198,1064,1,1
1199,1064,1,1
328,1065,1,1
329,1065,1,1
330,1065,1,1
331,1065,1,1
332,1065,1,1
333,1065,1,1
334,1065,1,1
335,1065,1,1
1192,1065,1,1
1193,1065,1,1
1194,1065,1,1
1195,1065,1,1
1196,1065,1,1
1197,1065,1,1
1198,1065,1,1
1199,1065,1,1
336,1066,1,1
337,1066,1,1
338,1066,1,1
339,1066,1,1
340,1066,1,1
341,1066,1,1
342,1066,1,1
343,1066,1,1
1192,1066,1,1
1193,1066,1,1
1194,1066,1,1
1195,1066,1,1
1196,1066,1,1
1197,1066,1,1
1198,1066,1,1
1199,1066,1,1
344,1067,1,1
345,1067,1,1
346,1067,1,1
347,1067,1,1
348,1067,1,1
349,1067,1,1
350,1067,1,1
351,1067,1,1
1192,1067,1,1
1193,1067,1,1
1194,1067,1,1
1195,1067,1,1
1196,1067,1,1
1197,1067,1,1
1198,1067,1,1
1199,1067,1,1
352,1068,1,1
353,1068,1,1
354,1068,1,1
355,1068,1,1
356,1068,1,1
357,1068,1,1
358,1068,1,1
359,1068,1,1
1192,1068,1,1
1193,1068,1,1
1194,1068,1,1
1195,1068,1,1
1196,1068,1,1
1197,1068,1,1
1198,1068,1,1
1199,1068,1,1
360,1069,1,1
361,1069,1,1
362,1069,1,1
363,1069,1,1
364,1069,1,1
365,1069,1,1
366,1069,1,1
367,1069,1,1
1192,1069,1,1
1193,1069,1,1
1194,1069,1,1
1195,1069,1,1
1196,1069,1,1
1197,1069,1,1
1198,1069,1,1
1199,1069,1,1
368,1070,1,1
369,1070,1,1
370,1070,1,1
371,1070,1,1
372,1070,1,1
373,1070,1,1
374,1070,1,1
375,1070,1,1
1192,1070,1,1
1193,1070,1,1
1194,1070,1,1
1195,1070,1,1
1196,1070,1,1
1197,1070,1,1
1198,1070,1,1
1199,1070,1,1
376,1071,1,1
377,1071,1,1
378,1071,1,1
379,1071,1,1
380,1071,1,1
381,1071,1,1
382,1071,1,1
383,1071,1,1
1192,1071,1,1
1193,1071,1,1
1194,1071,1,1
1195,1071,1,1
1196,1071,1,1
1197,1071,1,1
1198,1071,1,1
1199,1071,1,1
384,1072,1,1
385,1072,1,1
386,1072,1,1
387,1072,1,1
388,1072,1,1
389,1072,1,1
390,1072,1,1
391,1072,1,1
1200,1072,1,1
1201,1072,1,1
1202,1072,1,1
1203,1072,1,1
1204,1072,1,1
1205,1072,1,1
1206,1072,1,1
1207,1072,1,1
392,1073,1,1
393,1073,1,1
394,1073,1,1
395,1073,1,1
396,1073,1,1
397,1073,1,1
398,1073,1,1
399,1073,1,1
1200,1073,1,1
1201,1073,1,1
1202,1073,1,1
1203,1073,1,1
1204,1073,1,1
1205,1073,1,1
1206,1073,1,1
1207,1073,1,1
400,1074,1,1
401,1074,1,1
402,1074,1,1
403,1074,1,1
404,1074,1,1
405,1074,1,1
406,1074,1,1
407,1074,1,1
1200,1074,1,1
1201,1074,1,1
1202,1074,1,1
1203,1074,1,1
1204,1074,1,1
1205,1074,1,1
1206,1074,1,1
1207,1074,1,1
408,1075,1,1
409,1075,1,1
410,1075,1,1
411,1075,1,1
412,1075,1,1
413,1075,1,1
414,1075,1,1
415,1075,1,1
1200,1075,1,1
1201,1075,1,1
1202,1075,1,1
1203,1075,1,1
1204,1075,1,1
1205,1075,1,1
1206,1075,1,1
1207,1075,1,1
416,1076,1,1
417,1076,1,1
418,1076,1,1
419,1076,1,1
420,1076,1,1
421,1076,1,1
422,1076,1,1
423,1076,1,1
1200,1076,1,1
1201,1076,1,1
1202,1076,1,1
1203,1076,1,1
1204,1076,1,1
1205,1076,1,1
1206,1076,1,1
1207,1076,1,1
424,1077,1,1
425,1077,1,1
426,1077,1,1
427,1077,1,1
428,1077,1,1
429,1077,1,1
430,1077,1,1
431,1077,1,1
1200,1077,1,1
1201,1077,1,1
1202,1077,1,1
1203,1077,1,1
1204,1077,1,1
1205,1077,1,1
1206,1077,1,1
1207,1077,1,1
432,1078,1,1
433,1078,1,1
434,1078,1,1
435,1078,1,1
436,1078,1,1
437,1078,1,1
438,1078,1,1
439,1078,1,1
1200,1078,1,1
1201,1078,1,1
1202,1078,1,1
1203,1078,1,1
1204,1078,1,1
1205,1078,1,1
1206,1078,1,1
1207,1078,1,1
440,1079,1,1
441,1079,1,1
442,1079,1,1
443,1079,1,1
444,1079,1,1
445,1079,1,1
446,1079,1,1
447,1079,1,1
1200,1079,1,1
1201,1079,1,1
1202,1079,1,1
1203,1079,1,1
1204,1079,1,1
1205,1079,1,1
1206,1079,1,1
1207,1079,1,1
448,1080,1,1
449,1080,1,1
450,1080,1,1
451,1080,1,1
452,1080,1,1
453,1080,1,1
454,1080,1,1
455,1080,1,1
1208,1080,1,1
1209,1080,1,1
1210,1080,1,1
1211,1080,1,1
1212,1080,1,1
1213,1080,1,1
1214,1080,1,1
1215,1080,1,1
456,1081,1,1
457,1081,1,1
458,1081,1,1
459,1081,1,1
460,1081,1,1
461,1081,1,1
462,1081,1,1
463,1081,1,1
1208,1081,1,1
1209,1081,1,1
1210,1081,1,1
1211,1081,1,1
1212,1081,1,1
1213,1081,1,1
1214,1081,1,1
1215,1081,1,1
464,1082,1,1
465,1082,1,1
466,1082,1,1
467,1082,1,1
468,1082,1,1
469,1082,1,1
470,1082,1,1
471,1082,1,1
1208,1082,1,1
1209,1082,1,1
1210,1082,1,1
1211,1082,1,1
1212,1082,1,1
1213,1082,1,1
1214,1082,1,1
1215,1082,1,1
472,1083,1,1
473,1083,1,1
474,1083,1,1
475,1083,1,1
476,1083,1,1
477,1083,1,1
478,1083,1,1
479,1083,1,1
1208,1083,1,1
1209,1083,1,1
1210,1083,1,1
1211,1083,1,1
1212,1083,1,1
1213,1083,1,1
1214,1083,1,1
1215,1083,1,1
480,1084,1,1
481,1084,1,1
482,1084,1,1
483,1084,1,1
484,1084,1,1
485,1084,1,1
486,1084,1,1
487,1084,1,1
1208,1084,1,1
1209,1084,1,1
1210,1084,1,1
1211,1084,1,1
1212,1084,1,1
1213,1084,1,1
1214,1084,1,1
1215,1084,1,1
488,1085,1,1
489,1085,1,1
490,1085,1,1
491,1085,1,1
492,1085,1,1
493,1085,1,1
494,1085,1,1
495,1085,1,1
1208,1085,1,1
1209,1085,1,1
1210,1085,1,1
1211,1085,1,1
1212,1085,1,1
1213,1085,1,1
1214,1085,1,1
1215,1085,1,1
496,1086,1,1
497,1086,1,1
498,1086,1,1
499,1086,1,1
500,1086,1,1
501,1086,1,1
502,1086,1,1
503,1086,1,1
1208,1086,1,1
1209,1086,1,1
1210,1086,1,1
1211,1086,1,1
1212,1086,1,1
1213,1086,1,1
1214,1086,1,1
1215,1086,1,1
504,1087,1,1
505,1087,1,1
506,1087,1,1
507,1087,1,1
508,1087,1,1
509,1087,1,1
510,1087,1,1
511,1087,1,1
1208,1087,1,1
1209,1087,1,1
1210,1087,1,1
1211,1087,1,1
1212,1087,1,1
1213,1087,1,1
1214,1087,1,1
1215,1087,1,1
512,1088,1,1
513,1088,1,1
514,1088,1,1
515,1088,1,1
516,1088,1,1
517,1088,1,1
518,1088,1,1
519,1088,1,1
1216,1088,1,1
1217,1088,1,1
1218,1088,1,1
1219,1088,1,1
1220,1088,1,1
1221,1088,1,1
1222,1088,1,1
1223,1088,1,1
520,1089,1,1
521,1089,1,1
522,1089,1,1
523,1089,1,1
524,1089,1,1
525,1089,1,1
526,1089,1,1
527,1089,1,1
1216,1089,1,1
1217,1089,1,1
1218,1089,1,1
1219,1089,1,1
1220,1089,1,1
1221,1089,1,1
1222,1089,1,1
1223,1089,1,1
528,1090,1,1
529,1090,1,1
530,1090,1,1
531,1090,1,1
532,1090,1,1
533,1090,1,1
534,1090,1,1
535,1090,1,1
1216,1090,1,1
1217,1090,1,1
1218,1090,1,1
1219,1090,1,1
1220,1090,1,1
1221,1090,1,1
1222,1090,1,1
1223,1090,1,1
536,1091,1,1
537,1091,1,1
538,1091,1,1
539,1091,1,1
540,1091,1,1
541,1091,1,1
542,1091,1,1
543,1091,1,1
1216,1091,1,1
1217,1091,1,1
1218,1091,1,1
1219,1091,1,1
1220,1091,1,1
1221,1091,1,1
1222,1091,1,1
1223,1091,1,1
544,1092,1,1
545,1092,1,1
546,1092,1,1
547,1092,1,1
548,1092,1,1
549,1092,1,1
550,1092,1,1
551,1092,1,1
1216,1092,1,1
1217,1092,1,1
1218,1092,1,1
1219,1092,1,1
1220,1092,1,1
1221,1092,1,1
1222,1092,1,1
1223,1092,1,1
552,1093,1,1
553,1093,1,1
554,1093,1,1
555,1093,1,1
556,1093,1,1
557,1093,1,1
558,1093,1,1
559,1093,1,1
1216,1093,1,1
1217,1093,1,1
1218,1093,1,1
1219,1093,1,1
1220,1093,1,1
1221,1093,1,1
1222,1093,1,1
1223,1093,1,1
560,1094,1,1
561,1094,1,1
562,1094,1,1
563,1094,1,1
564,1094,1,1
565,1094,1,1
566,1094,1,1
567,1094,1,1
1216,1094,1,1
1217,1094,1,1
1218,1094,1,1
1219,1094,1,1
1220,1094,1,1
1221,1094,1,1
1222,1094,1,1
1223,1094,1,1
568,1095,1,1
569,1095,1,1
570,1095,1,1
571,1095,1,1
572,1095,1,1
573,1095,1,1
574,1095,1,1
575,1095,1,1
1216,1095,1,1
1217,1095,1,1
1218,1095,1,1
1219,1095,1,1
1220,1095,1,1
1221,1095,1,1
1222,1095,1,1
1223,1095,1,1
576,1096,1,1
577,1096,1,1
578,1096,1,1
579,1096,1,1
580,1096,1,1
581,1096,1,1
582,1096,1,1
583,1096,1,1
1224,1096,1,1
1225,1096,1,1
1226,1096,1,1
1227,1096,1,1
1228,1096,1,1
1229,1096,1,1
1230,1096,1,1
1231,1096,1,1
584,1097,1,1
585,1097,1,1
586,1097,1,1
587,1097,1,1
588,1097,1,1
589,1097,1,1
590,1097,1,1
591,1097,1,1
1224,1097,1,1
1225,1097,1,1
1226,1097,1,1
1227,1097,1,1
1228,1097,1,1
1229,1097,1,1
1230,1097,1,1
1231,1097,1,1
592,1098,1,1
593,1098,1,1
594,1098,1,1
595,1098,1,1
596,1098,1,1
597,1098,1,1
598,1098,1,1
599,1098,1,1
1224,1098,1,1
1225,1098,1,1
1226,1098,1,1
1227,1098,1,1
1228,1098,1,1
1229,1098,1,1
1230,1098,1,1
1231,1098,1,1
600,1099,1,1
601,1099,1,1
602,1099,1,1
603,1099,1,1
604,1099,1,1
605,1099,1,1
606,1099,1,1
607,1099,1,1
1224,1099,1,1
1225,1099,1,1
1226,1099,1,1
1227,1099,1,1
1228,1099,1,1
1229,1099,1,1
1230,1099,1,1
1231,1099,1,1
608,1100,1,1
609,1100,1,1
610,1100,1,1
611,1100,1,1
612,1100,1,1
613,1100,1,1
614,1100,1,1
615,1100,1,1
1224,1100,1,1
1225,1100,1,1
1226,1100,1,1
1227,1100,1,1
1228,1100,1,1
1229,1100,1,1
1230,1100,1,1
1231,1100,1,1
616,1101,1,1
617,1101,1,1
618,1101,1,1
619,1101,1,1
620,1101,1,1
621,1101,1,1
622,1101,1,1
623,1101,1,1
1224,1101,1,1
1225,1101,1,1
1226,1101,1,1
1227,1101,1,1
1228,1101,1,1
1229,1101,1,1
1230,1101,1,1
1231,1101,1,1
624,1102,1,1
625,1102,1,1
626,1102,1,1
627,1102,1,1
628,1102,1,1
629,1102,1,1
630,1102,1,1
631,1102,1,1
1224,1102,1,1
1225,1102,1,1
1226,1102,1,1
1227,1102,1,1
1228,1102,1,1
1229,1102,1,1
1230,1102,1,1
1231,1102,1,1
632,1103,1,1
633,1103,1,1
634,1103,1,1
635,1103,1,1
636,1103,1,1
637,1103,1,1
638,1103,1,1
639,1103,1,1
1224,1103,1,1
1225,1103,1,1
1226,1103,1,1
1227,1103,1,1
1228,1103,1,1
1229,1103,1,1
1230,1103,1,1
1231,1103,1,1
640,1104,1,1
641,1104,1,1
642,1104,1,1
643,1104,1,1
644,1104,1,1
645,1104,1,1
646,1104,1,1
647,1104,1,1
1232,1104,1,1
1233,1104,1,1
1234,1104,1,1
1235,1104,1,1
1236,1104,1,1
1237,1104,1,1
1238,1104,1,1
1239,1104,1,1
648,1105,1,1
649,1105,1,1
650,1105,1,1
651,1105,1,1
652,1105,1,1
653,1105,1,1
654,1105,1,1
655,1105,1,1
1232,1105,1,1
1233,1105,1,1
1234,1105,1,1
1235,1105,1,1
1236,1105,1,1
1237,1105,1,1
1238,1105,1,1
1239,1105,1,1
656,1106,1,1
657,1106,1,1
658,1106,1,1
659,1106,1,1
660,1106,1,1
661,1106,1,1
662,1106,1,1
663,1106,1,1
1232,1106,1,1
1233,1106,1,1
1234,1106,1,1
1235,1106,1,1
1236,1106,1,1
1237,1106,1,1
1238,1106,1,1
1239,1106,1,1
664,1107,1,1
665,1107,1,1
666,1107,1,1
667,1107,1,1
668,1107,1,1
669,1107,1,1
670,1107,1,1
671,1107,1,1
1232,1107,1,1
1233,1107,1,1
1234,1107,1,1
1235,1107,1,1
1236,1107,1,1
1237,1107,1,1
1238,1107,1,1
1239,1107,1,1
672,1108,1,1
673,1108,1,1
674,1108,1,1
675,1108,1,1
676,1108,1,1
677,1108,1,1
678,1108,1,1
679,1108,1,1
1232,1108,1,1
1233,1108,1,1
1234,1108,1,1
1235,1108,1,1
1236,1108,1,1
1237,1108,1,1
1238,1108,1,1
1239,1108,1,1
680,1109,1,1
681,1109,1,1
682,1109,1,1
683,1109,1,1
684,1109,1,1
685,1109,1,1
686,1109,1,1
687,1109,1,1
1232,1109,1,1
1233,1109,1,1
1234,1109,1,1
1235,1109,1,1
1236,1109,1,1
1237,1109,1,1
1238,1109,1,1
1239,1109,1,1
688,1110,1,1
689,1110,1,1
690,1110,1,1
691,1110,1,1
692,1110,1,1
693,1110,1,1
694,1110,1,1
695,1110,1,1
1232,1110,1,1
1233,1110,1,1
1234,1110,1,1
1235,1110,1,1
1236,1110,1,1
1237,1110,1,1
1238,1110,1,1
1239,1110,1,1
696,1111,1,1
697,1111,1,1
698,1111,1,1
699,1111,1,1
700,1111,1,1
701,1111,1,1
702,1111,1,1
703,1111,1,1
1232,1111,1,1
1233,1111,1,1
1234,1111,1,1
1235,1111,1,1
1236,1111,1,1
1237,1111,1,1
1238,1111,1,1
1239,1111,1,1
704,1112,1,1
705,1112,1,1
706,1112,1,1
707,1112,1,1
708,1112,1,1
709,1112,1,1
710,1112,1,1
711,1112,1,1
1240,1112,1,1
1241,1112,1,1
1242,1112,1,1
1243,1112,1,1
1244,1112,1,1
1245,1112,1,1
1246,1112,1,1
1247,1112,1,1
712,1113,1,1
713,1113,1,1
714,1113,1,1
715,1113,1,1
716,1113,1,1
717,1113,1,1
718,1113,1,1
719,1113,1,1
1240,1113,1,1
1241,1113,1,1
1242,1113,1,1
1243,1113,1,1
1244,1113,1,1
1245,1113,1,1
1246,1113,1,1
1247,1113,1,1
720,1114,1,1
721,1114,1,1
722,1114,1,1
723,1114,1,1
724,1114,1,1
725,1114,1,1
726,1114,1,1
727,1114,1,1
1240,1114,1,1
1241,1114,1,1
1242,1114,1,1
1243,1114,1,1
1244,1114,1,1
1245,1114,1,1
1246,1114,1,1
1247,1114,1,1
728,1115,1,1
729,1115,1,1
730,1115,1,1
731,1115,1,1
732,1115,1,1
733,1115,1,1
734,1115,1,1
735,1115,1,1
1240,1115,1,1
1241,1115,1,1
1242,1115,1,1
1243,1115,1,1
1244,1115,1,1
1245,1115,1,1
1246,1115,1,1
1247,1115,1,1
736,1116,1,1
737,1116,1,1
738,1116,1,1
739,1116,1,1
740,1116,1,1
741,1116,1,1
742,1116,1,1
743,1116,1,1
1240,1116,1,1
1241,1116,1,1
1242,1116,1,1
1243,1116,1,1
1244,1116,1,1
1245,1116,1,1
1246,1116,1,1
1247,1116,1,1
744,1117,1,1
745,1117,1,1
746,1117,1,1
747,1117,1,1
748,1117,1,1
749,1117,1,1
750,1117,1,1
751,1117,1,1
1240,1117,1,1
1241,1117,1,1
1242,1117,1,1
1243,1117,1,1
1244,1117,1,1
1245,1117,1,1
1246,1117,1,1
1247,1117,1,1
752,1118,1,1
753,1118,1,1
754,1118,1,1
755,1118,1,1
756,1118,1,1
757,1118,1,1
758,1118,1,1
759,1118,1,1
1240,1118,1,1
1241,1118,1,1
1242,1118,1,1
1243,1118,1,1
1244,1118,1,1
1245,1118,1,1
1246,1118,1,1
1247,1118,1,1
760,1119,1,1
761,1119,1,1
762,1119,1,1
763,1119,1,1
764,1119,1,1
765,1119,1,1
766,1119,1,1
767,1119,1,1
1240,1119,1,1
1241,1119,1,1
1242,1119,1,1
1243,1119,1,1
1244,1119,1,1
1245,1119,1,1
1246,1119,1,1
1247,1119,1,1
768,1120,1,1
769,1120,1,1
770,1120,1,1
771,1120,1,1
772,1120,1,1
773,1120,1,1
774,1120,1,1
775,1120,1,1
1248,1120,1,1
1249,1120,1,1
1250,1120,1,1
1251,1120,1,1
1252,1120,1,1
1253,1120,1,1
1254,1120,1,1
1255,1120,1,1
776,1121,1,1
777,1121,1,1
778,1121,1,1
779,1121,1,1
780,1121,1,1
781,1121,1,1
782,1121,1,1
783,1121,1,1
1248,1121,1,1
1249,1121,1,1
1250,1121,1,1
1251,1121,1,1
1252,1121,1,1
1253,1121,1,1
1254,1121,1,1
1255,1121,1,1
784,1122,1,1
785,1122,1,1
786,1122,1,1
787,1122,1,1
788,1122,1,1
789,1122,1,1
790,1122,1,1
791,1122,1,1
1248,1122,1,1
1249,1122,1,1
1250,1122,1,1
1251,1122,1,1
1252,1122,1,1
1253,1122,1,1
1254,1122,1,1
1255,1122,1,1
792,1123,1,1
793,1123,1,1
794,1123,1,1
795,1123,1,1
796,1123,1,1
797,1123,1,1
798,1123,1,1
799,1123,1,1
1248,1123,1,1
1249,1123,1,1
1250,1123,1,1
1251,1123,1,1
1252,1123,1,1
1253,1123,1,1
1254,1123,1,1
1255,1123,1,1
800,1124,1,1
801,1124,1,1
802,1124,1,1
803,1124,1,1
804,1124,1,1
805,1124,1,1
806,1124,1,1
807,1124,1,1
1248,1124,1,1
1249,1124,1,1
1250,1124,1,1
1251,1124,1,1
1252,1124,1,1
1253,1124,1,1
1254,1124,1,1
1255,1124,1,1
808,1125,1,1
809,1125,1,1
810,1125,1,1
811,1125,1,1
812,1125,1,1
813,1125,1,1
814,1125,1,1
815,1125,1,1
1248,1125,1,1
1249,1125,1,1
1250,1125,1,1
1251,1125,1,1
1252,1125,1,1
1253,1125,1,1
1254,1125,1,1
1255,1125,1,1
816,1126,1,1
817,1126,1,1
818,1126,1,1
819,1126,1,1
820,1126,1,1
821,1126,1,1
822,1126,1,1
823,1126,1,1
1248,1126,1,1
1249,1126,1,1
1250,1126,1,1
1251,1126,1,1
1252,1126,1,1
1253,1126,1,1
1254,1126,1,1
1255,1126,1,1
824,1127,1,1
825,1127,1,1
826,1127,1,1
827,1127,1,1
828,1127,1,1
829,1127,1,1
830,1127,1,1
831,1127,1,1
1248,1127,1,1
1249,1127,1,1
1250,1127,1,1
1251,1127,1,1
1252,1127,1,1
1253,1127,1,1
1254,1127,1,1
1255,1127,1,1
832,1128,1,1
833,1128,1,1
834,1128,1,1
835,1128,1,1
836,1128,1,1
837,1128,1,1
838,1128,1,1
839,1128,1,1
1256,1128,1,1
1257,1128,1,1
1258,1128,1,1
1259,1128,1,1
1260,1128,1,1
1261,1128,1,1
1262,1128,1,1
1263,1128,1,1
840,1129,1,1
841,1129,1,1
842,1129,1,1
843,1129,1,1
844,1129,1,1
845,1129,1,1
846,1129,1,1
847,1129,1,1
1256,1129,1,1
1257,1129,1,1
1258,1129,1,1
1259,1129,1,1
1260,1129,1,1
1261,1129,1,1
1262,1129,1,1
1263,1129,1,1
848,1130,1,1
849,1130,1,1
850,1130,1,1
851,1130,1,1
852,1130,1,1
853,1130,1,1
854,1130,1,1
855,1130,1,1
1256,1130,1,1
1257,1130,1,1
1258,1130,1,1
1259,1130,1,1
1260,1130,1,1
1261,1130,1,1
1262,1130,1,1
1263,1130,1,1
856,1131,1,1
857,1131,1,1
858,1131,1,1
859,1131,1,1
860,1131,1,1
861,1131,1,1
862,1131,1,1
863,1131,1,1
1256,1131,1,1
1257,1131,1,1
1258,1131,1,1
1259,1131,1,1
1260,1131,1,1
1261,1131,1,1
1262,1131,1,1
1263,1131,1,1
864,1132,1,1
865,1132,1,1
866,1132,1,1
867,1132,1,1
868,1132,1,1
869,1132,1,1
870,1132,1,1
871,1132,1,1
1256,1132,1,1
1257,1132,1,1
1258,1132,1,1
1259,1132,1,1
1260,1132,1,1
1261,1132,1,1
1262,1132,1,1
1263,1132,1,1
872,1133,1,1
873,1133,1,1
874,1133,1,1
875,1133,1,1
876,1133,1,1
877,1133,1,1
878,1133,1,1
879,1133,1,1
1256,1133,1,1
1257,1133,1,1
1258,1133,1,1
1259,1133,1,1
1260,1133,1,1
1261,1133,1,1
1262,1133,1,1
1263,1133,1,1
880,1134,1,1
881,1134,1,1
882,1134,1,1
883,1134,1,1
884,1134,1,1
885,1134,1,1
886,1134,1,1
887,1134,1,1
1256,1134,1,1
1257,1134,1,1
1258,1134,1,1
1259,1134,1,1
1260,1134,1,1
1261,1134,1,1
1262,1134,1,1
1263,1134,1,1
888,1135,1,1
889,1135,1,1
890,1135,1,1
891,1135,1,1
892,1135,1,1
893,1135,1,1
894,1135,1,1
895,1135,1,1
1256,1135,1,1
1257,1135,1,1
1258,1135,1,1
1259,1135,1,1
1260,1135,1,1
1261,1135,1,1
1262,1135,1,1
1263,1135,1,1
896,1136,1,1
897,1136,1,1
898,1136,1,1
899,1136,1,1
900,1136,1,1
901,1136,1,1
902,1136,1,1
903,1136,1,1
1264,1136,1,1
1265,1136,1,1
1266,1136,1,1
1267,1136,1,1
1268,1136,1,1
1269,1136,1,1
1270,1136,1,1
1271,1136,1,1
904,1137,1,1
905,1137,1,1
906,1137,1,1
907,1137,1,1
908,1137,1,1
909,1137,1,1
910,1137,1,1
911,1137,1,1
1264,1137,1,1
1265,1137,1,1
1266,1137,1,1
1267,1137,1,1
1268,1137,1,1
1269,1137,1,1
1270,1137,1,1
1271,1137,1,1
912,1138,1,1
913,1138,1,1
914,1138,1,1
915,1138,1,1
916,1138,1,1
917,1138,1,1
918,1138,1,1
919,1138,1,1
1264,1138,1,1
1265,1138,1,1
1266,1138,1,1
1267,1138,1,1
1268,1138,1,1
1269,1138,1,1
1270,1138,1,1
1271,1138,1,1
920,1139,1,1
921,1139,1,1
922,1139,1,1
923,1139,1,1
924,1139,1,1
925,1139,1,1
926,1139,1,1
927,1139,1,1
1264,1139,1,1
1265,1139,1,1
1266,1139,1,1
1267,1139,1,1
1268,1139,1,1
1269,1139,1,1
1270,1139,1,1
1271,1139,1,1
928,1140,1,1
929,1140,1,1
930,1140,1,1
931,1140,1,1
932,1140,1,1
933,1140,1,1
934,1140,1,1
935,1140,1,1
1264,1140,1,1
1265,1140,1,1
1266,1140,1,1
1267,1140,1,1
1268,1140,1,1
1269,1140,1,1
1270,1140,1,1
1271,1140,1,1
936,1141,1,1
937,1141,1,1
938,1141,1,1
939,1141,1,1
940,1141,1,1
941,1141,1,1
942,1141,1,1
943,1141,1,1
1264,1141,1,1
1265,1141,1,1
1266,1141,1,1
1267,1141,1,1
1268,1141,1,1
1269,1141,1,1
1270,1141,1,1
1271,1141,1,1
944,1142,1,1
945,1142,1,1
946,1142,1,1
947,1142,1,1
948,1142,1,1
949,1142,1,1
950,1142,1,1
951,1142,1,1
1264,1142,1,1
1265,1142,1,1
1266,1142,1,1
1267,1142,1,1
1268,1142,1,1
1269,1142,1,1
1270,1142,1,1
1271,1142,1,1
952,1143,1,1
953,1143,1,1
954,1143,1,1
955,1143,1,1
956,1143,1,1
957,1143,1,1
958,1143,1,1
959,1143,1,1
1264,1143,1,1
1265,1143,1,1
1266,1143,1,1
1267,1143,1,1
1268,1143,1,1
1269,1143,1,1
1270,1143,1,1
1271,1143,1,1
960,1144,1,1
961,1144,1,1
962,1144,1,1
963,1144,1,1
964,1144,1,1
965,1144,1,1
966,1144,1,1
967,1144,1,1
1272,1144,1,1
1273,1144,1,1
1274,1144,1,1
1275,1144,1,1
1276,1144,1,1
1277,1144,1,1
1278,1144,1,1
1279,1144,1,1
968,1145,1,1
969,1145,1,1
970,1145,1,1
971,1145,1,1
972,1145,1,1
973,1145,1,1
974,1145,1,1
975,1145,1,1
1272,1145,1,1
1273,1145,1,1
1274,1145,1,1
1275,1145,1,1
1276,1145,1,1
1277,1145,1,1
1278,1145,1,1
1279,1145,1,1
976,1146,1,1
977,1146,1,1
978,1146,1,1
979,1146,1,1
980,1146,1,1
981,1146,1,1
982,1146,1,1
983,1146,1,1
1272,1146,1,1
1273,1146,1,1
1274,1146,1,1
1275,1146,1,1
1276,1146,1,1
1277,1146,1,1
1278,1146,1,1
1279,1146,1,1
984,1147,1,1
985,1147,1,1
986,1147,1,1
987,1147,1,1
988,1147,1,1
989,1147,1,1
990,1147,1,1
991,1147,1,1
1272,1147,1,1
1273,1147,1,1
1274,1147,1,1
1275,1147,1,1
1276,1147,1,1
1277,1147,1,1
1278,1147,1,1
1279,1147,1,1
992,1148,1,1
993,1148,1,1
994,1148,1,1
995,1148,1,1
996,1148,1,1
997,1148,1,1
998,1148,1,1
999,1148,1,1
1272,1148,1,1
1273,1148,1,1
1274,1148,1,1
1275,1148,1,1
1276,1148,1,1
1277,1148,1,1
1278,1148,1,1
1279,1148,1,1
1000,1149,1,1
1001,1149,1,1
1002,1149,1,1
1003,1149,1,1
1004,1149,1,1
1005,1149,1,1
1006,1149,1,1
1007,1149,1,1
1272,1149,1,1
1273,1149,1,1
1274,1149,1,1
1275,1149,1,1
1276,1149,1,1
1277,1149,1,1
1278,1149,1,1
1279,1149,1,1
1008,1150,1,1
1009,1150,1,1
1010,1150,1,1
1011,1150,1,1
1012,1150,1,1
1013,1150,1,1
1014,1150,1,1
1015,1150,1,1
1272,1150,1,1
1273,1150,1,1
1274,1150,1,1
1275,1150,1,1
1276,1150,1,1
1277,1150,1,1
1278,1150,1,1
1279,1150,1,1
1016,1151,1,1
1017,1151,1,1
1018,1151,1,1
1019,1151,1,1
1020,1151,1,1
1021,1151,1,1
1022,1151,1,1
1023,1151,1,1
1272,1151,1,1
1273,1151,1,1
1274,1151,1,1
1275,1151,1,1
1276,1151,1,1
1277,1151,1,1
1278,1151,1,1
1279,1151,1,1
1024,1152,1,1
1025,1152,1,1
1026,1152,1,1
1027,1152,1,1
1028,1152,1,1
1029,1152,1,1
1030,1152,1,1
1031,1152,1,1
1280,1152,1,1
1281,1152,1,1
1282,1152,1,1
1283,1152,1,1
1284,1152,1,1
1285,1152,1,1
1286,1152,1,1
1287,1152,1,1
1024,1153,1,1
1025,1153,1,1
1026,1153,1,1
1027,1153,1,1
1028,1153,1,1
1029,1153,1,1
1030,1153,1,1
1031,1153,1,1
1288,1153,1,1
1289,1153,1,1
1290,1153,1,1
1291,1153,1,1
1292,1153,1,1
1293,1153,1,1
1294,1153,1,1
1295,1153,1,1
1024,1154,1,1
1025,1154,1,1
1026,1154,1,1
1027,1154,1,1
1028,1154,1,1
1029,1154,1,1
1030,1154,1,1
1031,1154,1,1
1296,1154,1,1
1297,1154,1,1
1298,1154,1,1
1299,1154,1,1
1300,1154,1,1
1301,1154,1,1
1302,1154,1,1
1303,1154,1,1
1024,1155,1,1
1025,1155,1,1
1026,1155,1,1
1027,1155,1,1
1028,1155,1,1
1029,1155,1,1
1030,1155,1,1
1031,1155,1,1
1304,1155,1,1
1305,1155,1,1
1306,1155,1,1
1307,1155,1,1
1308,1155,1,1
1309,1155,1,1
1310,1155,1,1
1311,1155,1,1
1024,1156,1,1
1025,1156,1,1
1026,1156,1,1
1027,1156,1,1
1028,1156,1,1
1029,1156,1,1
1030,1156,1,1
1031,1156,1,1
1312,1156,1,1
1313,1156,1,1
1314,1156,1,1
1315,1156,1,1
1316,1156,1,1
1317,1156,1,1
1318,1156,1,1
1319,1156,1,1
1024,1157,1,1
1025,1157,1,1
1026,1157,1,1
1027,1157,1,1
1028,1157,1,1
1029,1157,1,1
1030,1157,1,1
1031,1157,1,1
1320,1157,1,1
1321,1157,1,1
1322,1157,1,1
1323,1157,1,1
1324,1157,1,1
1325,1157,1,1
1326,1157,1,1
1327,1157,1,1
1024,1158,1,1
1025,1158,1,1
1026,1158,1,1
1027,1158,1,1
1028,1158,1,1
1029,1158,1,1
1030,1158,1,1
1031,1158,1,1
1328,1158,1,1
1329,1158,1,1
1330,1158,1,1
1331,1158,1,1
1332,1158,1,1
1333,1158,1,1
1334,1158,1,1
1335,1158,1,1
1024,1159,1,1
1025,1159,1,1
1026,1159,1,1
1027,1159,1,1
1028,1159,1,1
1029,1159,1,1
1030,1159,1,1
1031,1159,1,1
1336,1159,1,1
1337,1159,1,1
1338,1159,1,1
1339,1159,1,1
1340,1159,1,1
1341,1159,1,1
1342,1159,1,1
1343,1159,1,1
1032,1160,1,1
1033,1160,1,1
1034,1160,1,1
1035,1160,1,1
1036,1160,1,1
1037,1160,1,1
1038,1160,1,1
1039,1160,1,1
1280,1160,1,1
1281,1160,1,1
1282,1160,1,1
1283,1160,1,1
1284,1160,1,1
1285,1160,1,1
1286,1160,1,1
1287,1160,1,1
1032,1161,1,1
1033,1161,1,1
1034,1161,1,1
1035,1161,1,1
1036,1161,1,1
1037,1161,1,1
1038,1161,1,1
1039,1161,1,1
1288,1161,1,1
1289,1161,1,1
1290,1161,1,1
1291,1161,1,1
1292,1161,1,1
1293,1161,1,1
1294,1161,1,1
1295,1161,1,1
1032,1162,1,1
1033,1162,1,1
1034,1162,1,1
1035,1162,1,1
1036,1162,1,1
1037,1162,1,1
1038,1162,1,1
1039,1162,1,1
1296,1162,1,1
1297,1162,1,1
1298,1162,1,1
1299,1162,1,1
1300,1162,1,1
1301,1162,1,1
1302,1162,1,1
1303,1162,1,1
1032,1163,1,1
1033,1163,1,1
1034,1163,1,1
1035,1163,1,1
1036,1163,1,1
1037,1163,1,1
1038,1163,1,1
1039,1163,1,1
1304,1163,1,1
1305,1163,1,1
1306,1163,1,1
1307,1163,1,1
1308,1163,1,1
1309,1163,1,1
1310,1163,1,1
1311,1163,1,1
1032,1164,1,1
1033,1164,1,1
1034,1164,1,1
1035,1164,1,1
1036,1164,1,1
1037,1164,1,1
1038,1164,1,1
1039,1164,1,1
1312,1164,1,1
1313,1164,1,1
1314,1164,1,1
1315,1164,1,1
1316,1164,1,1
1317,1164,1,1
1318,1164,1,1
1319,1164,1,1
1032,1165,1,1
1033,1165,1,1
1034,1165,1,1
1035,1165,1,1
1036,1165,1,1
1037,1165,1,1
1038,1165,1,1
1039,1165,1,1
1320,1165,1,1
1321,1165,1,1
1322,1165,1,1
1323,1165,1,1
1324,1165,1,1
1325,1165,1,1
1326,1165,1,1
1327,1165,1,1
1032,1166,1,1
1033,1166,1,1
1034,1166,1,1
1035,1166,1,1
1036,1166,1,1
1037,1166,1,1
1038,1166,1,1
1039,1166,1,1
1328,1166,1,1
1329,1166,1,1
1330,1166,1,1
1331,1166,1,1
1332,1166,1,1
1333,1166,1,1
1334,1166,1,1
1335,1166,1,1
1032,1167,1,1
1033,1167,1,1
1034,1167,1,1
1035,1167,1,1
1036,1167,1,1
1037,1167,1,1
1038,1167,1,1
1039,1167,1,1
1336,1167,1,1
1337,1167,1,1
1338,1167,1,1
1339,1167,1,1
1340,1167,1,1
1341,1167,1,1
1342,1167,1,1
1343,1167,1,1
1040,1168,1,1
1041,1168,1,1
1042,1168,1,1
1043,1168,1,1
1044,1168,1,1
1045,1168,1,1
1046,1168,1,1
1047,1168,1,1
1280,1168,1,1
1281,1168,1,1
1282,1168,1,1
1283,1168,1,1
1284,1168,1,1
1285,1168,1,1
1286,1168,1,1
1287,1168,1,1
1040,1169,1,1
1041,1169,1,1
1042,1169,1,1
1043,1169,1,1
1044,1169,1,1
1045,1169,1,1
1046,1169,1,1
1047,1169,1,1
1288,1169,1,1
1289,1169,1,1
1290,1169,1,1
1291,1169,1,1
1292,1169,1,1
1293,1169,1,1
1294,1169,1,1
1295,1169,1,1
1040,1170,1,1
1041,1170,1,1
1042,1170,1,1
1043,1170,1,1
1044,1170,1,1
1045,1170,1,1
1046,1170,1,1
1047,1170,1,1
1296,1170,1,1
1297,1170,1,1
1298,1170,1,1
1299,1170,1,1
1300,1170,1,1
1301,1170,1,1
1302,1170,1,1
1303,1170,1,1
1040,1171,1,1
1041,1171,1,1
1042,1171,1,1
1043,1171,1,1
1044,1171,1,1
1045,1171,1,1
1046,1171,1,1
1047,1171,1,1
1304,1171,1,1
1305,1171,1,1
1306,1171,1,1
1307,1171,1,1
1308,1171,1,1
1309,1171,1,1
1310,1171,1,1
1311,1171,1,1
1040,1172,1,1
1041,1172,1,1
1042,1172,1,1
1043,1172,1,1
1044,1172,1,1
1045,1172,1,1
1046,1172,1,1
1047,1172,1,1
1312,1172,1,1
1313,1172,1,1
1314,1172,1,1
1315,1172,1,1
1316,1172,1,1
1317,1172,1,1
1318,1172,1,1
1319,1172,1,1
1040,1173,1,1
1041,1173,1,1
1042,1173,1,1
1043,1173,1,1
1044,1173,1,1
1045,1173,1,1
1046,1173,1,1
1047,1173,1,1
1320,1173,1,1
1321,1173,1,1
1322,1173,1,1
1323,1173,1,1
1324,1173,1,1
1325,1173,1,1
1326,1173,1,1
1327,1173,1,1
1040,1174,1,1
1041,1174,1,1
1042,1174,1,1
1043,1174,1,1
1044,1174,1,1
1045,1174,1,1
1046,1174,1,1
1047,1174,1,1
1328,1174,1,1
1329,1174,1,1
1330,1174,1,1
1331,1174,1,1
1332,1174,1,1
1333,1174,1,1
1334,1174,1,1
1335,1174,1,1
1040,1175,1,1
1041,1175,1,1
1042,1175,1,1
1043,1175,1,1
1044,1175,1,1
1045,1175,1,1
1046,1175,1,1
1047,1175,1,1
1336,1175,1,1
1337,1175,1,1
1338,1175,1,1
1339,1175,1,1
1340,1175,1,1
1341,1175,1,1
1342,1175,1,1
1343,1175,1,1
1048,1176,1,1
1049,1176,1,1
1050,1176,1,1
1051,1176,1,1
1052,1176,1,1
1053,1176,1,1
1054,1176,1,1
1055,1176,1,1
1280,1176,1,1
1281,1176,1,1
1282,1176,1,1
1283,1176,1,1
1284,1176,1,1
1285,1176,1,1
1286,1176,1,1
1287,1176,1,1
1048,1177,1,1
1049,1177,1,1
1050,1177,1,1
1051,1177,1,1
1052,1177,1,1
1053,1177,1,1
1054,1177,1,1
1055,1177,1,1
1288,1177,1,1
1289,1177,1,1
1290,1177,1,1
1291,1177,1,1
1292,1177,1,1
1293,1177,1,1
1294,1177,1,1
1295,1177,1,1
1048,1178,1,1
1049,1178,1,1
1050,1178,1,1
1051,1178,1,1
1052,1178,1,1
1053,1178,1,1
1054,1178,1,1
1055,1178,1,1
1296,1178,1,1
1297,1178,1,1
1298,1178,1,1
1299,1178,1,1
1300,1178,1,1
1301,1178,1,1
1302,1178,1,1
1303,1178,1,1
1048,1179,1,1
1049,1179,1,1
1050,1179,1,1
1051,1179,1,1
1052,1179,1,1
1053,1179,1,1
1054,1179,1,1
1055,1179,1,1
1304,1179,1,1
1305,1179,1,1
1306,1179,1,1
1307,1179,1,1
1308,1179,1,1
1309,1179,1,1
1310,1179,1,1
1311,1179,1,1
1048,1180,1,1
1049,1180,1,1
1050,1180,1,1
1051,1180,1,1
1052,1180,1,1
1053,1180,1,1
1054,1180,1,1
1055,1180,1,1
1312,1180,1,1
1313,1180,1,1
1314,1180,1,1
1315,1180,1,1
1316,1180,1,1
1317,1180,1,1
1318,1180,1,1
1319,1180,1,1
1048,1181,1,1
1049,1181,1,1
1050,1181,1,1
1051,1181,1,1
1052,1181,1,1
1053,1181,1,1
1054,1181,1,1
1055,1181,1,1
1320,1181,1,1
1321,1181,1,1
1322,1181,1,1
1323,1181,1,1
1324,1181,1,1
1325,1181,1,1
1326,1181,1,1
1327,1181,1,1
1048,1182,1,1
1049,1182,1,1
1050,1182,1,1
1051,1182,1,1
1052,1182,1,1
1053,1182,1,1
1054,1182,1,1
1055,1182,1,1
1328,1182,1,1
1329,1182,1,1
1330,1182,1,1
1331,1182,1,1
1332,1182,1,1
1333,1182,1,1
1334,1182,1,1
1335,1182,1,1
1048,1183,1,1
1049,1183,1,1
1050,1183,1,1
1051,1183,1,1
1052,1183,1,1
1053,1183,1,1
1054,1183,1,1
1055,1183,1,1
1336,1183,1,1
1337,1183,1,1
1338,1183,1,1
1339,1183,1,1
1340,1183,1,1
1341,1183,1,1
1342,1183,1,1
1343,1183,1,1
1056,1184,1,1
1057,1184,1,1
1058,1184,1,1
1059,1184,1,1
1060,1184,1,1
1061,1184,1,1
1062,1184,1,1
1063,1184,1,1
1280,1184,1,1
1281,1184,1,1
1282,1184,1,1
1283,1184,1,1
1284,1184,1,1
1285,1184,1,1
1286,1184,1,1
1287,1184,1,1
1056,1185,1,1
1057,1185,1,1
1058,1185,1,1
1059,1185,1,1
1060,1185,1,1
1061,1185,1,1
1062,1185,1,1
1063,1185,1,1
1288,1185,1,1
1289,1185,1,1
1290,1185,1,1
1291,1185,1,1
1292,1185,1,1
1293,1185,1,1
1294,1185,1,1
1295,1185,1,1
1056,1186,1,1
1057,1186,1,1
1058,1186,1,1
1059,1186,1,1
1060,1186,1,1
1061,1186,1,1
1062,1186,1,1
1063,1186,1,1
1296,1186,1,1
1297,1186,1,1
1298,1186,1,1
1299,1186,1,1
1300,1186,1,1
1301,1186,1,1
1302,1186,1,1
1303,1186,1,1
1056,1187,1,1
1057,1187,1,1
1058,1187,1,1
1059,1187,1,1
1060,1187,1,1
1061,1187,1,1
1062,1187,1,1
1063,1187,1,1
1304,1187,1,1
1305,1187,1,1
1306,1187,1,1
1307,1187,1,1
1308,1187,1,1
1309,1187,1,1
1310,1187,1,1
1311,1187,1,1
1056,1188,1,1
1057,1188,1,1
1058,1188,1,1
1059,1188,1,1
1060,1188,1,1
1061,1188,1,1
1062,1188,1,1
1063,1188,1,1
1312,1188,1,1
1313,1188,1,1
1314,1188,1,1
1315,1188,1,1
1316,1188,1,1
1317,1188,1,1
1318,1188,1,1
1319,1188,1,1
1056,1189,1,1
1057,1189,1,1
1058,1189,1,1
1059,1189,1,1
1060,1189,1,1
1061,1189,1,1
1062,1189,1,1
1063,1189,1,1
1320,1189,1,1
1321,1189,1,1
1322,1189,1,1
1323,1189,1,1
1324,1189,1,1
1325,1189,1,1
1326,1189,1,1
1327,1189,1,1
1056,1190,1,1
1057,1190,1,1
1058,1190,1,1
1059,1190,1,1
1060,1190,1,1
1061,1190,1,1
1062,1190,1,1
1063,1190,1,1
1328,1190,1,1
1329,1190,1,1
1330,1190,1,1
1331,1190,1,1
1332,1190,1,1
1333,1190,1,1
1334,1190,1,1
1335,1190,1,1
1056,1191,1,1
1057,1191,1,1
1058,1191,1,1
1059,1191,1,1
1060,1191,1,1
1061,1191,1,1
1062,1191,1,1
1063,1191,1,1
1336,1191,1,1
1337,1191,1,1
1338,1191,1,1
1339,1191,1,1
1340,1191,1,1
1341,1191,1,1
1342,1191,1,1
1343,1191,1,1
1064,1192,1,1
1065,1192,1,1
1066,1192,1,1
1067,1192,1,1
1068,1192,1,1
1069,1192,1,1
1070,1192,1,1
1071,1192,1,1
1280,1192,1,1
1281,1192,1,1
1282,1192,1,1
1283,1192,1,1
1284,1192,1,1
1285,1192,1,1
1286,1192,1,1
1287,1192,1,1
1064,1193,1,1
1065,1193,1,1
1066,1193,1,1
1067,1193,1,1
1068,1193,1,1
1069,1193,1,1
1070,1193,1,1
1071,1193,1,1
1288,1193,1,1
1289,1193,1,1
1290,1193,1,1
1291,1193,1,1
1292,1193,1,1
1293,1193,1,1
1294,1193,1,1
1295,1193,1,1
1064,1194,1,1
1065,1194,1,1
1066,1194,1,1
1067,1194,1,1
1068,1194,1,1
1069,1194,1,1
1070,1194,1,1
1071,1194,1,1
1296,1194,1,1
1297,1194,1,1
1298,1194,1,1
1299,1194,1,1
1300,1194,1,1
1301,1194,1,1
1302,1194,1,1
1303,1194,1,1
1064,1195,1,1
1065,1195,1,1
1066,1195,1,1
1067,1195,1,1
1068,1195,1,1
1069,1195,1,1
1070,1195,1,1
1071,1195,1,1
1304,1195,1,1
1305,1195,1,1
1306,1195,1,1
1307,1195,1,1
1308,1195,1,1
1309,1195,1,1
1310,1195,1,1
1311,1195,1,1
1064,1196,1,1
1065,1196,1,1
1066,1196,1,1
1067,1196,1,1
1068,1196,1,1
1069,1196,1,1
1070,1196,1,1
1071,1196,1,1
1312,1196,1,1
1313,1196,1,1
1314,1196,1,1
1315,1196,1,1
1316,1196,1,1
1317,1196,1,1
1318,1196,1,1
1319,1196,1,1
1064,1197,1,1
1065,1197,1,1
1066,1197,1,1
1067,1197,1,1
1068,1197,1,1
1069,1197,1,1
1070,1197,1,1
1071,1197,1,1
1320,1197,1,1
1321,1197,1,1
1322,1197,1,1
1323,1197,1,1
1324,1197,1,1
1325,1197,1,1
1326,1197,1,1
1327,1197,1,1
1064,1198,1,1
1065,1198,1,1
1066,1198,1,1
1067,1198,1,1
1068,1198,1,1
1069,1198,1,1
1070,1198,1,1
1071,1198,1,1
1328,1198,1,1
1329,1198,1,1
1330,1198,1,1
1331,1198,1,1
1332,1198,1,1
1333,1198,1,1
1334,1198,1,1
1335,1198,1,1
1064,1199,1,1
1065,1199,1,1
1066,1199,1,1
1067,1199,1,1
1068,1199,1,1
1069,1199,1,1
1070,1199,1,1
1071,1199,1,1
1336,1199,1,1
1337,1199,1,1
1338,1199,1,1
1339,1199,1,1
1340,1199,1,1
1341,1199,1,1
1342,1199,1,1
1343,1199,1,1
1072,1200,1,1
1073,1200,1,1
1074,1200,1,1
1075,1200,1,1
1076,1200,1,1
1077,1200,1,1
1078,1200,1,1
1079,1200,1,1
1280,1200,1,1
1281,1200,1,1
1282,1200,1,1
1283,1200,1,1
1284,1200,1,1
1285,1200,1,1
1286,1200,1,1
1287,1200,1,1
1072,1201,1,1
1073,1201,1,1
1074,1201,1,1
1075,1201,1,1
1076,1201,1,1
1077,1201,1,1
1078,1201,1,1
1079,1201,1,1
1288,1201,1,1
1289,1201,1,1
1290,1201,1,1
1291,1201,1,1
1292,1201,1,1
1293,1201,1,1
1294,1201,1,1
1295,1201,1,1
1072,1202,1,1
1073,1202,1,1
1074,1202,1,1
1075,1202,1,1
1076,1202,1,1
1077,1202,1,1
1078,1202,1,1
1079,1202,1,1
1296,1202,1,1
1297,1202,1,1
1298,1202,1,1
1299,1202,1,1
1300,1202,1,1
1301,1202,1,1
1302,1202,1,1
1303,1202,1,1
1072,1203,1,1
1073,1203,1,1
1074,1203,1,1
1075,1203,1,1
1076,1203,1,1
1077,1203,1,1
1078,1203,1,1
1079,1203,1,1
1304,1203,1,1
1305,1203,1,1
1306,1203,1,1
1307,1203,1,1
1308,1203,1,1
1309,1203,1,1
1310,1203,1,1
1311,1203,1,1
1072,1204,1,1
1073,1204,1,1
1074,1204,1,1
1075,1204,1,1
1076,1204,1,1
1077,1204,1,1
1078,1204,1,1
1079,1204,1,1
1312,1204,1,1
1313,1204,1,1
1314,1204,1,1
1315,1204,1,1
1316,1204,1,1
1317,1204,1,1
1318,1204,1,1
1319,1204,1,1
1072,1205,1,1
1073,1205,1,1
1074,1205,1,1
1075,1205,1,1
1076,1205,1,1
1077,1205,1,1
1078,1205,1,1
1079,1205,1,1
1320,1205,1,1
1321,1205,1,1
1322,1205,1,1
1323,1205,1,1
1324,1205,1,1
1325,1205,1,1
1326,1205,1,1
1327,1205,1,1
1072,1206,1,1
1073,1206,1,1
1074,1206,1,1
1075,1206,1,1
1076,1206,1,1
1077,1206,1,1
1078,1206,1,1
1079,1206,1,1
1328,1206,1,1
1329,1206,1,1
1330,1206,1,1
1331,1206,1,1
1332,1206,1,1
1333,1206,1,1
1334,1206,1,1
1335,1206,1,1
1072,1207,1,1
1073,1207,1,1
1074,1207,1,1
1075,1207,1,1
1076,1207,1,1
1077,1207,1,1
1078,1207,1,1
1079,1207,1,1
1336,1207,1,1
1337,1207,1,1
1338,1207,1,1
1339,1207,1,1
1340,1207,1,1
1341,1207,1,1
1342,1207,1,1
1343,1207,1,1
1080,1208,1,1
1081,1208,1,1
1082,1208,1,1
1083,1208,1,1
1084,1208,1,1
1085,1208,1,1
1086,1208,1,1
1087,1208,1,1
1280,1208,1,1
1281,1208,1,1
1282,1208,1,1
1283,1208,1,1
1284,1208,1,1
1285,1208,1,1
1286,1208,1,1
1287,1208,1,1
1080,1209,1,1
1081,1209,1,1
1082,1209,1,1
1083,1209,1,1
1084,1209,1,1
1085,1209,1,1
1086,1209,1,1
1087,1209,1,1
1288,1209,1,1
1289,1209,1,1
1290,1209,1,1
1291,1209,1,1
1292,1209,1,1
1293,1209,1,1
1294,1209,1,1
1295,1209,1,1
1080,1210,1,1
1081,1210,1,1
1082,1210,1,1
1083,1210,1,1
1084,1210,1,1
1085,1210,1,1
1086,1210,1,1
1087,1210,1,1
1296,1210,1,1
1297,1210,1,1
1298,1210,1,1
1299,1210,1,1
1300,1210,1,1
1301,1210,1,1
1302,1210,1,1
1303,1210,1,1
1080,1211,1,1
1081,1211,1,1
1082,1211,1,1
1083,1211,1,1
1084,1211,1,1
1085,1211,1,1
1086,1211,1,1
1087,1211,1,1
1304,1211,1,1
1305,1211,1,1
1306,1211,1,1
1307,1211,1,1
1308,1211,1,1
1309,1211,1,1
1310,1211,1,1
1311,1211,1,1
1080,1212,1,1
1081,1212,1,1
1082,1212,1,1
1083,1212,1,1
1084,1212,1,1
1085,1212,1,1
1086,1212,1,1
1087,1212,1,1
1312,1212,1,1
1313,1212,1,1
1314,1212,1,1
1315,1212,1,1
1316,1212,1,1
1317,1212,1,1
1318,1212,1,1
1319,1212,1,1
1080,1213,1,1
1081,1213,1,1
1082,1213,1,1
1083,1213,1,1
1084,1213,1,1
1085,1213,1,1
1086,1213,1,1
1087,1213,1,1
1320,1213,1,1
1321,1213,1,1
1322,1213,1,1
1323,1213,1,1
1324,1213,1,1
1325,1213,1,1
1326,1213,1,1
1327,1213,1,1
1080,1214,1,1
1081,1214,1,1
1082,1214,1,1
1083,1214,1,1
1084,1214,1,1
1085,1214,1,1
1086,1214,1,1
1087,1214,1,1
1328,1214,1,1
1329,1214,1,1
1330,1214,1,1
1331,1214,1,1
1332,1214,1,1
1333,1214,1,1
1334,1214,1,1
1335,1214,1,1
1080,1215,1,1
1081,1215,1,1
1082,1215,1,1
1083,1215,1,1
1084,1215,1,1
1085,1215,1,1
1086,1215,1,1
1087,1215,1,1
1336,1215,1,1
1337,1215,1,1
1338,1215,1,1
1339,1215,1,1
1340,1215,1,1
1341,1215,1,1
1342,1215,1,1
1343,1215,1,1
1088,1216,1,1
1089,1216,1,1
1090,1216,1,1
1091,1216,1,1
1092,1216,1,1
1093,1216,1,1
1094,1216,1,1
1095,1216,1,1
1280,1216,1,1
1281,1216,1,1
1282,1216,1,1
1283,1216,1,1
1284,1216,1,1
1285,1216,1,1
1286,1216,1,1
1287,1216,1,1
1088,1217,1,1
1089,1217,1,1
1090,1217,1,1
1091,1217,1,1
1092,1217,1,1
1093,1217,1,1
1094,1217,1,1
1095,1217,1,1
1288,1217,1,1
1289,1217,1,1
1290,1217,1,1
1291,1217,1,1
1292,1217,1,1
1293,1217,1,1
1294,1217,1,1
1295,1217,1,1
1088,1218,1,1
1089,1218,1,1
1090,1218,1,1
1091,1218,1,1
1092,1218,1,1
1093,1218,1,1
1094,1218,1,1
1095,1218,1,1
1296,1218,1,1
1297,1218,1,1
1298,1218,1,1
1299,1218,1,1
1300,1218,1,1
1301,1218,1,1
1302,1218,1,1
1303,1218,1,1
1088,1219,1,1
1089,1219,1,1
1090,1219,1,1
1091,1219,1,1
1092,1219,1,1
1093,1219,1,1
1094,1219,1,1
1095,1219,1,1
1304,1219,1,1
1305,1219,1,1
1306,1219,1,1
1307,1219,1,1
1308,1219,1,1
1309,1219,1,1
1310,1219,1,1
1311,1219,1,1
1088,1220,1,1
1089,1220,1,1
1090,1220,1,1
1091,1220,1,1
1092,1220,1,1
1093,1220,1,1
1094,1220,1,1
1095,1220,1,1
1312,1220,1,1
1313,1220,1,1
1314,1220,1,1
1315,1220,1,1
1316,1220,1,1
1317,1220,1,1
1318,1220,1,1
1319,1220,1,1
1088,1221,1,1
1089,1221,1,1
1090,1221,1,1
1091,1221,1,1
1092,1221,1,1
1093,1221,1,1
1094,1221,1,1
1095,1221,1,1
1320,1221,1,1
1321,1221,1,1
1322,1221,1,1
1323,1221,1,1
1324,1221,1,1
1325,1221,1,1
1326,1221,1,1
1327,1221,1,1
1088,1222,1,1
1089,1222,1,1
1090,1222,1,1
1091,1222,1,1
1092,1222,1,1
1093,1222,1,1
1094,1222,1,1
1095,1222,1,1
1328,1222,1,1
1329,1222,1,1
1330,1222,1,1
1331,1222,1,1
1332,1222,1,1
1333,1222,1,1
1334,1222,1,1
1335,1222,1,1
1088,1223,1,1
1089,1223,1,1
1090,1223,1,1
1091,1223,1,1
1092,1223,1,1
1093,1223,1,1
1094,1223,1,1
1095,1223,1,1
1336,1223,1,1
1337,1223,1,1
1338,1223,1,1
1339,1223,1,1
1340,1223,1,1
1341,1223,1,1
1342,1223,1,1
1343,1223,1,1
1096,1224,1,1
1097,1224,1,1
1098,1224,1,1
1099,1224,1,1
1100,1224,1,1
1101,1224,1,1
1102,1224,1,1
1103,1224,1,1
1280,1224,1,1
1281,1224,1,1
1282,1224,1,1
1283,1224,1,1
1284,1224,1,1
1285,1224,1,1
1286,1224,1,1
1287,1224,1,1
1096,1225,1,1
1097,1225,1,1
1098,1225,1,1
1099,1225,1,1
1100,1225,1,1
1101,1225,1,1
1102,1225,1,1
1103,1225,1,1
1288,1225,1,1
1289,1225,1,1
1290,1225,1,1
1291,1225,1,1
1292,1225,1,1
1293,1225,1,1
1294,1225,1,1
1295,1225,1,1
1096,1226,1,1
1097,1226,1,1
1098,1226,1,1
1099,1226,1,1
1100,1226,1,1
1101,1226,1,1
1102,1226,1,1
1103,1226,1,1
1296,1226,1,1
1297,1226,1,1
1298,1226,1,1
1299,1226,1,1
1300,1226,1,1
1301,1226,1,1
1302,1226,1,1
1303,1226,1,1
1096,1227,1,1
1097,1227,1,1
1098,1227,1,1
1099,1227,1,1
1100,1227,1,1
1101,1227,1,1
1102,1227,1,1
1103,1227,1,1
1304,1227,1,1
1305,1227,1,1
1306,1227,1,1
1307,1227,1,1
1308,1227,1,1
1309,1227,1,1
1310,1227,1,1
1311,1227,1,1
1096,1228,1,1
1097,1228,1,1
1098,1228,1,1
1099,1228,1,1
1100,1228,1,1
1101,1228,1,1
1102,1228,1,1
1103,1228,1,1
1312,1228,1,1
1313,1228,1,1
1314,1228,1,1
1315,1228,1,1
1316,1228,1,1
1317,1228,1,1
1318,1228,1,1
1319,1228,1,1
1096,1229,1,1
1097,1229,1,1
1098,1229,1,1
1099,1229,1,1
1100,1229,1,1
1101,1229,1,1
1102,1229,1,1
1103,1229,1,1
1320,1229,1,1
1321,1229,1,1
1322,1229,1,1
1323,1229,1,1
1324,1229,1,1
1325,1229,1,1
1326,1229,1,1
1327,1229,1,1
1096,1230,1,1
1097,1230,1,1
1098,1230,1,1
1099,1230,1,1
1100,1230,1,1
1101,1230,1,1
1102,1230,1,1
1103,1230,1,1
1328,1230,1,1
1329,1230,1,1
1330,1230,1,1
1331,1230,1,1
1332,1230,1,1
1333,1230,1,1
1334,1230,1,1
1335,1230,1,1
1096,1231,1,1
1097,1231,1,1
1098,1231,1,1
1099,1231,1,1
1100,1231,1,1
1101,1231,1,1
1102,1231,1,1
1103,1231,1,1
1336,1231,1,1
1337,1231,1,1
1338,1231,1,1
1339,1231,1,1
1340,1231,1,1
1341,1231,1,1
1342,1231,1,1
1343,1231,1,1
1104,1232,1,1
1105,1232,1,1
1106,1232,1,1
1107,1232,1,1
1108,1232,1,1
1109,1232,1,1
1110,1232,1,1
1111,1232,1,1
1280,1232,1,1
1281,1232,1,1
1282,1232,1,1
1283,1232,1,1
1284,1232,1,1
1285,1232,1,1
1286,1232,1,1
1287,1232,1,1
1104,1233,1,1
1105,1233,1,1
1106,1233,1,1
1107,1233,1,1
1108,1233,1,1
1109,1233,1,1
1110,1233,1,1
1111,1233,1,1
1288,1233,1,1
1289,1233,1,1
1290,1233,1,1
1291,1233,1,1
1292,1233,1,1
1293,1233,1,1
1294,1233,1,1
1295,1233,1,1
1104,1234,1,1
1105,1234,1,1
1106,1234,1,1
1107,1234,1,1
1108,1234,1,1
1109,1234,1,1
1110,1234,1,1
1111,1234,1,1
1296,1234,1,1
1297,1234,1,1
1298,1234,1,1
1299,1234,1,1
1300,1234,1,1
1301,1234,1,1
1302,1234,1,1
1303,1234,1,1
1104,1235,1,1
1105,1235,1,1
1106,1235,1,1
1107,1235,1,1
1108,1235,1,1
1109,1235,1,1
1110,1235,1,1
1111,1235,1,1
1304,1235,1,1
1305,1235,1,1
1306,1235,1,1
1307,1235,1,1
1308,1235,1,1
1309,1235,1,1
1310,1235,1,1
1311,1235,1,1
1104,1236,1,1
1105,1236,1,1
1106,1236,1,1
1107,1236,1,1
1108,1236,1,1
1109,1236,1,1
1110,1236,1,1
1111,1236,1,1
1312,1236,1,1
1313,1236,1,1
1314,1236,1,1
1315,1236,1,1
1316,1236,1,1
1317,1236,1,1
1318,1236,1,1
1319,1236,1,1
1104,1237,1,1
1105,1237,1,1
1106,1237,1,1
1107,1237,1,1
1108,1237,1,1
1109,1237,1,1
1110,1237,1,1
1111,1237,1,1
1320,1237,1,1
1321,1237,1,1
1322,1237,1,1
1323,1237,1,1
1324,1237,1,1
1325,1237,1,1
1326,1237,1,1
1327,1237,1,1
1104,1238,1,1
1105,1238,1,1
1106,1238,1,1
1107,1238,1,1
1108,1238,1,1
1109,1238,1,1
1110,1238,1,1
1111,1238,1,1
1328,1238,1,1
1329,1238,1,1
1330,1238,1,1
1331,1238,1,1
1332,1238,1,1
1333,1238,1,1
1334,1238,1,1
1335,1238,1,1
1104,1239,1,1
1105,1239,1,1
1106,1239,1,1
1107,1239,1,1
1108,1239,1,1
1109,1239,1,1
1110,1239,1,1
1111,1239,1,1
1336,1239,1,1
1337,1239,1,1
1338,1239,1,1
1339,1239,1,1
1340,1239,1,1
1341,1239,1,1
1342,1239,1,1
1343,1239,1,1
1112,1240,1,1
1113,1240,1,1
1114,1240,1,1
1115,1240,1,1
1116,1240,1,1
1117,1240,1,1
1118,1240,1,1
1119,1240,1,1
1280,1240,1,1
1281,1240,1,1
1282,1240,1,1
1283,1240,1,1
1284,1240,1,1
1285,1240,1,1
1286,1240,1,1
1287,1240,1,1
1112,1241,1,1
1113,1241,1,1
1114,1241,1,1
1115,1241,1,1
1116,1241,1,1
1117,1241,1,1
1118,1241,1,1
1119,1241,1,1
1288,1241,1,1
1289,1241,1,1
1290,1241,1,1
1291,1241,1,1
1292,1241,1,1
1293,1241,1,1
1294,1241,1,1
1295,1241,1,1
1112,1242,1,1
1113,1242,1,1
1114,1242,1,1
1115,1242,1,1
1116,1242,1,1
1117,1242,1,1
1118,1242,1,1
1119,1242,1,1
1296,1242,1,1
1297,1242,1,1
1298,1242,1,1
1299,1242,1,1
1300,1242,1,1
1301,1242,1,1
1302,1242,1,1
1303,1242,1,1
1112,1243,1,1
1113,1243,1,1
1114,1243,1,1
1115,1243,1,1
1116,1243,1,1
1117,1243,1,1
1118,1243,1,1
1119,1243,1,1
1304,1243,1,1
1305,1243,1,1
1306,1243,1,1
1307,1243,1,1
1308,1243,1,1
1309,1243,1,1
1310,1243,1,1
1311,1243,1,1
1112,1244,1,1
1113,1244,1,1
1114,1244,1,1
1115,1244,1,1
1116,1244,1,1
1117,1244,1,1
1118,1244,1,1
1119,1244,1,1
1312,1244,1,1
1313,1244,1,1
1314,1244,1,1
1315,1244,1,1
1316,1244,1,1
1317,1244,1,1
1318,1244,1,1
1319,1244,1,1
1112,1245,1,1
1113,1245,1,1
1114,1245,1,1
1115,1245,1,1
1116,1245,1,1
1117,1245,1,1
1118,1245,1,1
1119,1245,1,1
1320,1245,1,1
1321,1245,1,1
1322,1245,1,1
1323,1245,1,1
1324,1245,1,1
1325,1245,1,1
1326,1245,1,1
1327,1245,1,1
1112,1246,1,1
1113,1246,1,1
1114,1246,1,1
1115,1246,1,1
1116,1246,1,1
1117,1246,1,1
1118,1246,1,1
1119,1246,1,1
1328,1246,1,1
1329,1246,1,1
1330,1246,1,1
1331,1246,1,1
1332,1246,1,1
1333,1246,1,1
1334,1246,1,1
1335,1246,1,1
1112,1247,1,1
1113,1247,1,1
1114,1247,1,1
1115,1247,1,1
1116,1247,1,1
1117,1247,1,1
1118,1247,1,1
1119,1247,1,1
1336,1247,1,1
1337,1247,1,1
1338,1247,1,1
1339,1247,1,1
1340,1247,1,1
1341,1247,1,1
1342,1247,1,1
1343,1247,1,1
1120,1248,1,1
1121,1248,1,1
1122,1248,1,1
1123,1248,1,1
1124,1248,1,1
1125,1248,1,1
1126,1248,1,1
1127,1248,1,1
1280,1248,1,1
1281,1248,1,1
1282,1248,1,1
1283,1248,1,1
1284,1248,1,1
1285,1248,1,1
1286,1248,1,1
1287,1248,1,1
1120,1249,1,1
1121,1249,1,1
1122,1249,1,1
1123,1249,1,1
1124,1249,1,1
1125,1249,1,1
1126,1249,1,1
1127,1249,1,1
1288,1249,1,1
1289,1249,1,1
1290,1249,1,1
1291,1249,1,1
1292,1249,1,1
1293,1249,1,1
1294,1249,1,1
1295,1249,1,1
1120,1250,1,1
1121,1250,1,1
1122,1250,1,1
1123,1250,1,1
1124,1250,1,1
1125,1250,1,1
1126,1250,1,1
1127,1250,1,1
1296,1250,1,1
1297,1250,1,1
1298,1250,1,1
1299,1250,1,1
1300,1250,1,1
1301,1250,1,1
1302,1250,1,1
1303,1250,1,1
1120,1251,1,1
1121,1251,1,1
1122,1251,1,1
1123,1251,1,1
1124,1251,1,1
1125,1251,1,1
1126,1251,1,1
1127,1251,1,1
1304,1251,1,1
1305,1251,1,1
1306,1251,1,1
1307,1251,1,1
1308,1251,1,1
1309,1251,1,1
1310,1251,1,1
1311,1251,1,1
1120,1252,1,1
1121,1252,1,1
1122,1252,1,1
1123,1252,1,1
1124,1252,1,1
1125,1252,1,1
1126,1252,1,1
1127,1252,1,1
1312,1252,1,1
1313,1252,1,1
1314,1252,1,1
1315,1252,1,1
1316,1252,1,1
1317,1252,1,1
1318,1252,1,1
1319,1252,1,1
1120,1253,1,1
1121,1253,1,1
1122,1253,1,1
1123,1253,1,1
1124,1253,1,1
1125,1253,1,1
1126,1253,1,1
1127,1253,1,1
1320,1253,1,1
1321,1253,1,1
1322,1253,1,1
1323,1253,1,1
1324,1253,1,1
1325,1253,1,1
1326,1253,1,1
1327,1253,1,1
1120,1254,1,1
1121,1254,1,1
1122,1254,1,1
1123,1254,1,1
1124,1254,1,1
1125,1254,1,1
1126,1254,1,1
1127,1254,1,1
1328,1254,1,1
1329,1254,1,1
1330,1254,1,1
1331,1254,1,1
1332,1254,1,1
1333,1254,1,1
1334,1254,1,1
1335,1254,1,1
1120,1255,1,1
1121,1255,1,1
1122,1255,1,1
1123,1255,1,1
1124,1255,1,1
1125,1255,1,1
1126,1255,1,1
1127,1255,1,1
1336,1255,1,1
1337,1255,1,1
1338,1255,1,1
1339,1255,1,1
1340,1255,1,1
1341,1255,1,1
1342,1255,1,1
1343,1255,1,1
1128,1256,1,1
1129,1256,1,1
1130,1256,1,1
1131,1256,1,1
1132,1256,1,1
1133,1256,1,1
1134,1256,1,1
1135,1256,1,1
1280,1256,1,1
1281,1256,1,1
1282,1256,1,1
1283,1256,1,1
1284,1256,1,1
1285,1256,1,1
1286,1256,1,1
1287,1256,1,1
1128,1257,1,1
1129,1257,1,1
1130,1257,1,1
1131,1257,1,1
1132,1257,1,1
1133,1257,1,1
1134,1257,1,1
1135,1257,1,1
1288,1257,1,1
1289,1257,1,1
1290,1257,1,1
1291,1257,1,1
1292,1257,1,1
1293,1257,1,1
1294,1257,1,1
1295,1257,1,1
1128,1258,1,1
1129,1258,1,1
1130,1258,1,1
1131,1258,1,1
1132,1258,1,1
1133,1258,1,1
1134,1258,1,1
1135,1258,1,1
1296,1258,1,1
1297,1258,1,1
1298,1258,1,1
1299,1258,1,1
1300,1258,1,1
1301,1258,1,1
1302,1258,1,1
1303,1258,1,1
1128,1259,1,1
1129,1259,1,1
1130,1259,1,1
1131,1259,1,1
1132,1259,1,1
1133,1259,1,1
1134,1259,1,1
1135,1259,1,1
1304,1259,1,1
1305,1259,1,1
1306,1259,1,1
1307,1259,1,1
1308,1259,1,1
1309,1259,1,1
1310,1259,1,1
1311,1259,1,1
1128,1260,1,1
1129,1260,1,1
1130,1260,1,1
1131,1260,1,1
1132,1260,1,1
1133,1260,1,1
1134,1260,1,1
1135,1260,1,1
1312,1260,1,1
1313,1260,1,1
1314,1260,1,1
1315,1260,1,1
1316,1260,1,1
1317,1260,1,1
1318,1260,1,1
1319,1260,1,1
1128,1261,1,1
1129,1261,1,1
1130,1261,1,1
1131,1261,1,1
1132,1261,1,1
1133,1261,1,1
1134,1261,1,1
1135,1261,1,1
1320,1261,1,1
1321,1261,1,1
1322,1261,1,1
1323,1261,1,1
1324,1261,1,1
1325,1261,1,1
1326,1261,1,1
1327,1261,1,1
1128,1262,1,1
1129,1262,1,1
1130,1262,1,1
1131,1262,1,1
1132,1262,1,1
1133,1262,1,1
1134,1262,1,1
1135,1262,1,1
1328,1262,1,1
1329,1262,1,1
1330,1262,1,1
1331,1262,1,1
1332,1262,1,1
1333,1262,1,1
1334,1262,1,1
1335,1262,1,1
1128,1263,1,1
1129,1263,1,1
1130,1263,1,1
1131,1263,1,1
1132,1263,1,1
1133,1263,1,1
1134,1263,1,1
1135,1263,1,1
1336,1263,1,1
1337,1263,1,1
1338,1263,1,1
1339,1263,1,1
1340,1263,1,1
1341,1263,1,1
1342,1263,1,1
1343,1263,1,1
1136,1264,1,1
1137,1264,1,1
1138,1264,1,1
1139,1264,1,1
1140,1264,1,1
1141,1264,1,1
1142,1264,1,1
1143,1264,1,1
1280,1264,1,1
1281,1264,1,1
1282,1264,1,1
1283,1264,1,1
1284,1264,1,1
1285,1264,1,1
1286,1264,1,1
1287,1264,1,1
1136,1265,1,1
1137,1265,1,1
1138,1265,1,1
1139,1265,1,1
1140,1265,1,1
1141,1265,1,1
1142,1265,1,1
1143,1265,1,1
1288,1265,1,1
1289,1265,1,1
1290,1265,1,1
1291,1265,1,1
1292,1265,1,1
1293,1265,1,1
1294,1265,1,1
1295,1265,1,1
1136,1266,1,1
1137,1266,1,1
1138,1266,1,1
1139,1266,1,1
1140,1266,1,1
1141,1266,1,1
1142,1266,1,1
1143,1266,1,1
1296,1266,1,1
1297,1266,1,1
1298,1266,1,1
1299,1266,1,1
1300,1266,1,1
1301,1266,1,1
1302,1266,1,1
1303,1266,1,1
1136,1267,1,1
1137,1267,1,1
1138,1267,1,1
1139,1267,1,1
1140,1267,1,1
1141,1267,1,1
1142,1267,1,1
1143,1267,1,1
1304,1267,1,1
1305,1267,1,1
1306,1267,1,1
1307,1267,1,1
1308,1267,1,1
1309,1267,1,1
1310,1267,1,1
1311,1267,1,1
1136,1268,1,1
1137,1268,1,1
1138,1268,1,1
1139,1268,1,1
1140,1268,1,1
1141,1268,1,1
1142,1268,1,1
1143,1268,1,1
1312,1268,1,1
1313,1268,1,1
1314,1268,1,1
1315,1268,1,1
1316,1268,1,1
1317,1268,1,1
1318,1268,1,1
1319,1268,1,1
1136,1269,1,1
1137,1269,1,1
1138,1269,1,1
1139,1269,1,1
1140,1269,1,1
1141,1269,1,1
1142,1269,1,1
1143,1269,1,1
1320,1269,1,1
1321,1269,1,1
1322,1269,1,1
1323,1269,1,1
1324,1269,1,1
1325,1269,1,1
1326,1269,1,1
1327,1269,1,1
1136,1270,1,1
1137,1270,1,1
1138,1270,1,1
1139,1270,1,1
1140,1270,1,1
1141,1270,1,1
1142,1270,1,1
1143,1270,1,1
1328,1270,1,1
1329,1270,1,1
1330,1270,1,1
1331,1270,1,1
1332,1270,1,1
1333,1270,1,1
1334,1270,1,1
1335,1270,1,1
1136,1271,1,1
1137,1271,1,1
1138,1271,1,1
1139,1271,1,1
1140,1271,1,1
1141,1271,1,1
1142,1271,1,1
1143,1271,1,1
1336,1271,1,1
1337,1271,1,1
1338,1271,1,1
1339,1271,1,1
1340,1271,1,1
1341,1271,1,1
1342,1271,1,1
1343,1271,1,1
1144,1272,1,1
1145,1272,1,1
1146,1272,1,1
1147,1272,1,1
1148,1272,1,1
1149,1272,1,1
1150,1272,1,1
1151,1272,1,1
1280,1272,1,1
1281,1272,1,1
1282,1272,1,1
1283,1272,1,1
1284,1272,1,1
1285,1272,1,1
1286,1272,1,1
1287,1272,1,1
1144,1273,1,1
1145,1273,1,1
1146,1273,1,1
1147,1273,1,1
1148,1273,1,1
1149,1273,1,1
1150,1273,1,1
1151,1273,1,1
1288,1273,1,1
1289,1273,1,1
1290,1273,1,1
1291,1273,1,1
1292,1273,1,1
1293,1273,1,1
1294,1273,1,1
1295,1273,1,1
1144,1274,1,1
1145,1274,1,1
1146,1274,1,1
1147,1274,1,1
1148,1274,1,1
1149,1274,1,1
1150,1274,1,1
1151,1274,1,1
1296,1274,1,1
1297,1274,1,1
1298,1274,1,1
1299,1274,1,1
1300,1274,1,1
1301,1274,1,1
1302,1274,1,1
1303,1274,1,1
1144,1275,1,1
1145,1275,1,1
1146,1275,1,1
1147,1275,1,1
1148,1275,1,1
1149,1275,1,1
1150,1275,1,1
1151,1275,1,1
1304,1275,1,1
1305,1275,1,1
1306,1275,1,1
1307,1275,1,1
1308,1275,1,1
1309,1275,1,1
1310,1275,1,1
1311,1275,1,1
1144,1276,1,1
1145,1276,1,1
1146,1276,1,1
1147,1276,1,1
1148,1276,1,1
1149,1276,1,1
1150,1276,1,1
1151,1276,1,1
1312,1276,1,1
1313,1276,1,1
1314,1276,1,1
1315,1276,1,1
1316,1276,1,1
1317,1276,1,1
1318,1276,1,1
1319,1276,1,1
1144,1277,1,1
1145,1277,1,1
1146,1277,1,1
1147,1277,1,1
1148,1277,1,1
1149,1277,1,1
1150,1277,1,1
1151,1277,1,1
1320,1277,1,1
1321,1277,1,1
1322,1277,1,1
1323,1277,1,1
1324,1277,1,1
1325,1277,1,1
1326,1277,1,1
1327,1277,1,1
1144,1278,1,1
1145,1278,1,1
1146,1278,1,1
1147,1278,1,1
1148,1278,1,1
1149,1278,1,1
1150,1278,1,1
1151,1278,1,1
1328,1278,1,1
1329,1278,1,1
1330,1278,1,1
1331,1278,1,1
1332,1278,1,1
1333,1278,1,1
1334,1278,1,1
1335,1278,1,1
1144,1279,1,1
1145,1279,1,1
1146,1279,1,1
1147,1279,1,1
1148,1279,1,1
1149,1279,1,1
1150,1279,1,1
1151,1279,1,1
1336,1279,1,1
1337,1279,1,1
1338,1279,1,1
1339,1279,1,1
1340,1279,1,1
1341,1279,1,1
1342,1279,1,1
1343,1279,1,1
1152,1280,1,1
1160,1280,1,1
1168,1280,1,1
1176,1280,1,1
1184,1280,1,1
1192,1280,1,1
1200,1280,1,1
1208,1280,1,1
1216,1280,1,1
1224,1280,1,1
1232,1280,1,1
1240,1280,1,1
1248,1280,1,1
1256,1280,1,1
1264,1280,1,1
1272,1280,1,1
1152,1281,1,1
1160,1281,1,1
1168,1281,1,1
1176,1281,1,1
1184,1281,1,1
1192,1281,1,1
1200,1281,1,1
1208,1281,1,1
1216,1281,1,1
1224,1281,1,1
1232,1281,1,1
1240,1281,1,1
1248,1281,1,1
1256,1281,1,1
1264,1281,1,1
1272,1281,1,1
1152,1282,1,1
1160,1282,1,1
1168,1282,1,1
1176,1282,1,1
1184,1282,1,1
1192,1282,1,1
1200,1282,1,1
1208,1282,1,1
1216,1282,1,1
1224,1282,1,1
1232,1282,1,1
1240,1282,1,1
1248,1282,1,1
1256,1282,1,1
1264,1282,1,1
1272,1282,1,1
1152,1283,1,1
1160,1283,1,1
1168,1283,1,1
1176,1283,1,1
1184,1283,1,1
1192,1283,1,1
1200,1283,1,1
1208,1283,1,1
1216,1283,1,1
1224,1283,1,1
1232,1283,1,1
1240,1283,1,1
1248,1283,1,1
1256,1283,1,1
1264,1283,1,1
1272,1283,1,1
1152,1284,1,1
1160,1284,1,1
1168,1284,1,1
1176,1284,1,1
1184,1284,1,1
1192,1284,1,1
1200,1284,1,1
1208,1284,1,1
1216,1284,1,1
1224,1284,1,1
1232,1284,1,1
1240,1284,1,1
1248,1284,1,1
1256,1284,1,1
1264,1284,1,1
1272,1284,1,1
1152,1285,1,1
1160,1285,1,1
1168,1285,1,1
1176,1285,1,1
1184,1285,1,1
1192,1285,1,1
1200,1285,1,1
1208,1285,1,1
1216,1285,1,1
1224,1285,1,1
1232,1285,1,1
1240,1285,1,1
1248,1285,1,1
1256,1285,1,1
1264,1285,1,1
1272,1285,1,1
1152,1286,1,1
1160,1286,1,1
1168,1286,1,1
1176,1286,1,1
1184,1286,1,1
1192,1286,1,1
1200,1286,1,1
1208,1286,1,1
1216,1286,1,1
1224,1286,1,1
1232,1286,1,1
1240,1286,1,1
1248,1286,1,1
1256,1286,1,1
1264,1286,1,1
1272,1286,1,1
1152,1287,1,1
1160,1287,1,1
1168,1287,1,1
1176,1287,1,1
1184,1287,1,1
1192,1287,1,1
1200,1287,1,1
1208,1287,1,1
1216,1287,1,1
1224,1287,1,1
1232,1287,1,1
1240,1287,1,1
1248,1287,1,1
1256,1287,1,1
1264,1287,1,1
1272,1287,1,1
1153,1288,1,1
1161,1288,1,1
1169,1288,1,1
1177,1288,1,1
1185,1288,1,1
1193,1288,1,1
1201,1288,1,1
1209,1288,1,1
1217,1288,1,1
1225,1288,1,1
1233,1288,1,1
1241,1288,1,1
1249,1288,1,1
1257,1288,1,1
1265,1288,1,1
1273,1288,1,1
1153,1289,1,1
1161,1289,1,1
1169,1289,1,1
1177,1289,1,1
1185,1289,1,1
1193,1289,1,1
1201,1289,1,1
1209,1289,1,1
1217,1289,1,1
1225,1289,1,1
1233,1289,1,1
1241,1289,1,1
1249,1289,1,1
1257,1289,1,1
1265,1289,1,1
1273,1289,1,1
1153,1290,1,1
1161,1290,1,1
1169,1290,1,1
1177,1290,1,1
1185,1290,1,1
1193,1290,1,1
1201,1290,1,1
1209,1290,1,1
1217,1290,1,1
1225,1290,1,1
1233,1290,1,1
1241,1290,1,1
1249,1290,1,1
1257,1290,1,1
1265,1290,1,1
1273,1290,1,1
1153,1291,1,1
1161,1291,1,1
1169,1291,1,1
1177,1291,1,1
1185,1291,1,1
1193,1291,1,1
1201,1291,1,1
1209,1291,1,1
1217,1291,1,1
1225,1291,1,1
1233,1291,1,1
1241,1291,1,1
1249,1291,1,1
1257,1291,1,1
1265,1291,1,1
1273,1291,1,1
1153,1292,1,1
1161,1292,1,1
1169,1292,1,1
1177,1292,1,1
1185,1292,1,1
1193,1292,1,1
1201,1292,1,1
1209,1292,1,1
1217,1292,1,1
1225,1292,1,1
1233,1292,1,1
1241,1292,1,1
1249,1292,1,1
1257,1292,1,1
1265,1292,1,1
1273,1292,1,1
1153,1293,1,1
1161,1293,1,1
1169,1293,1,1
1177,1293,1,1
1185,1293,1,1
1193,1293,1,1
1201,1293,1,1
1209,1293,1,1
1217,1293,1,1
1225,1293,1,1
1233,1293,1,1
1241,1293,1,1
1249,1293,1,1
1257,1293,1,1
1265,1293,1,1
1273,1293,1,1
1153,1294,1,1
1161,1294,1,1
1169,1294,1,1
1177,1294,1,1
1185,1294,1,1
1193,1294,1,1
1201,1294,1,1
1209,1294,1,1
1217,1294,1,1
1225,1294,1,1
1233,1294,1,1
1241,1294,1,1
1249,1294,1,1
1257,1294,1,1
1265,1294,1,1
1273,1294,1,1
1153,1295,1,1
1161,1295,1,1
1169,1295,1,1
1177,1295,1,1
1185,1295,1,1
1193,1295,1,1
1201,1295,1,1
1209,1295,1,1
1217,1295,1,1
1225,1295,1,1
1233,1295,1,1
1241,1295,1,1
1249,1295,1,1
1257,1295,1,1
1265,1295,1,1
1273,1295,1,1
1154,1296,1,1
1162,1296,1,1
1170,1296,1,1
1178,1296,1,1
1186,1296,1,1
1194,1296,1,1
1202,1296,1,1
1210,1296,1,1
1218,1296,1,1
1226,1296,1,1
1234,1296,1,1
1242,1296,1,1
1250,1296,1,1
1258,1296,1,1
1266,1296,1,1
1274,1296,1,1
1154,1297,1,1
1162,1297,1,1
1170,1297,1,1
1178,1297,1,1
1186,1297,1,1
1194,1297,1,1
1202,1297,1,1
1210,1297,1,1
1218,1297,1,1
1226,1297,1,1
1234,1297,1,1
1242,1297,1,1
1250,1297,1,1
1258,1297,1,1
1266,1297,1,1
1274,1297,1,1
1154,1298,1,1
1162,1298,1,1
1170,1298,1,1
1178,1298,1,1
1186,1298,1,1
1194,1298,1,1
1202,1298,1,1
1210,1298,1,1
1218,1298,1,1
1226,1298,1,1
1234,1298,1,1
1242,1298,1,1
1250,1298,1,1
1258,1298,1,1
1266,1298,1,1
1274,1298,1,1
1154,1299,1,1
1162,1299,1,1
1170,1299,1,1
1178,1299,1,1
1186,1299,1,1
1194,1299,1,1
1202,1299,1,1
1210,1299,1,1
1218,1299,1,1
1226,1299,1,1
1234,1299,1,1
1242,1299,1,1
1250,1299,1,1
1258,1299,1,1
1266,1299,1,1
1274,1299,1,1
1154,1300,1,1
1162,1300,1,1
1170,1300,1,1
1178,1300,1,1
1186,1300,1,1
1194,1300,1,1
1202,1300,1,1
1210,1300,1,1
1218,1300,1,1
1226,1300,1,1
1234,1300,1,1
1242,1300,1,1
1250,1300,1,1
1258,1300,1,1
1266,1300,1,1
1274,1300,1,1
1154,1301,1,1
1162,1301,1,1
1170,1301,1,1
1178,1301,1,1
1186,1301,1,1
1194,1301,1,1
1202,1301,1,1
1210,1301,1,1
1218,1301,1,1
1226,1301,1,1
1234,1301,1,1
1242,1301,1,1
1250,1301,1,1
1258,1301,1,1
1266,1301,1,1
1274,1301,1,1
1154,1302,1,1
1162,1302,1,1
1170,1302,1,1
1178,1302,1,1
1186,1302,1,1
1194,1302,1,1
1202,1302,1,1
1210,1302,1,1
1218,1302,1,1
1226,1302,1,1
1234,1302,1,1
1242,1302,1,1
1250,1302,1,1
1258,1302,1,1
1266,1302,1,1
1274,1302,1,1
1154,1303,1,1
1162,1303,1,1
1170,1303,1,1
1178,1303,1,1
1186,1303,1,1
1194,1303,1,1
1202,1303,1,1
1210,1303,1,1
1218,1303,1,1
1226,1303,1,1
1234,1303,1,1
1242,1303,1,1
1250,1303,1,1
1258,1303,1,1
1266,1303,1,1
1274,1303,1,1
1155,1304,1,1
1163,1304,1,1
1171,1304,1,1
1179,1304,1,1
1187,1304,1,1
1195,1304,1,1
1203,1304,1,1
1211,1304,1,1
1219,1304,1,1
1227,1304,1,1
1235,1304,1,1
1243,1304,1,1
1251,1304,1,1
1259,1304,1,1
1267,1304,1,1
1275,1304,1,1
1155,1305,1,1
1163,1305,1,1
1171,1305,1,1
1179,1305,1,1
1187,1305,1,1
1195,1305,1,1
1203,1305,1,1
1211,1305,1,1
1219,1305,1,1
1227,1305,1,1
1235,1305,1,1
1243,1305,1,1
1251,1305,1,1
1259,1305,1,1
1267,1305,1,1
1275,1305,1,1
1155,1306,1,1
1163,1306,1,1
1171,1306,1,1
1179,1306,1,1
1187,1306,1,1
1195,1306,1,1
1203,1306,1,1
1211,1306,1,1
1219,1306,1,1
1227,1306,1,1
1235,1306,1,1
1243,1306,1,1
1251,1306,1,1
1259,1306,1,1
1267,1306,1,1
1275,1306,1,1
1155,1307,1,1
1163,1307,1,1
1171,1307,1,1
1179,1307,1,1
1187,1307,1,1
1195,1307,1,1
1203,1307,1,1
1211,1307,1,1
1219,1307,1,1
1227,1307,1,1
1235,1307,1,1
1243,1307,1,1
1251,1307,1,1
1259,1307,1,1
1267,1307,1,1
1275,1307,1,1
1155,1308,1,1
1163,1308,1,1
1171,1308,1,1
1179,1308,1,1
1187,1308,1,1
1195,1308,1,1
1203,1308,1,1
1211,1308,1,1
1219,1308,1,1
1227,1308,1,1
1235,1308,1,1
1243,1308,1,1
1251,1308,1,1
1259,1308,1,1
1267,1308,1,1
1275,1308,1,1
1155,1309,1,1
1163,1309,1,1
1171,1309,1,1
1179,1309,1,1
1187,1309,1,1
1195,1309,1,1
1203,1309,1,1
1211,1309,1,1
1219,1309,1,1
1227,1309,1,1
1235,1309,1,1
1243,1309,1,1
1251,1309,1,1
1259,1309,1,1
1267,1309,1,1
1275,1309,1,1
1155,1310,1,1
1163,1310,1,1
1171,1310,1,1
1179,1310,1,1
1187,1310,1,1
1195,1310,1,1
1203,1310,1,1
1211,1310,1,1
1219,1310,1,1
1227,1310,1,1
1235,1310,1,1
1243,1310,1,1
1251,1310,1,1
1259,1310,1,1
1267,1310,1,1
1275,1310,1,1
1155,1311,1,1
1163,1311,1,1
1171,1311,1,1
1179,1311,1,1
1187,1311,1,1
1195,1311,1,1
1203,1311,1,1
1211,1311,1,1
1219,1311,1,1
1227,1311,1,1
1235,1311,1,1
1243,1311,1,1
1251,1311,1,1
1259,1311,1,1
1267,1311,1,1
1275,1311,1,1
1156,1312,1,1
1164,1312,1,1
1172,1312,1,1
1180,1312,1,1
1188,1312,1,1
1196,1312,1,1
1204,1312,1,1
1212,1312,1,1
1220,1312,1,1
1228,1312,1,1
1236,1312,1,1
1244,1312,1,1
1252,1312,1,1
1260,1312,1,1
1268,1312,1,1
1276,1312,1,1
1156,1313,1,1
1164,1313,1,1
1172,1313,1,1
1180,1313,1,1
1188,1313,1,1
1196,1313,1,1
1204,1313,1,1
1212,1313,1,1
1220,1313,1,1
1228,1313,1,1
1236,1313,1,1
1244,1313,1,1
1252,1313,1,1
1260,1313,1,1
1268,1313,1,1
1276,1313,1,1
1156,1314,1,1
1164,1314,1,1
1172,1314,1,1
1180,1314,1,1
1188,1314,1,1
1196,1314,1,1
1204,1314,1,1
1212,1314,1,1
1220,1314,1,1
1228,1314,1,1
1236,1314,1,1
1244,1314,1,1
1252,1314,1,1
1260,1314,1,1
1268,1314,1,1
1276,1314,1,1
1156,1315,1,1
1164,1315,1,1
1172,1315,1,1
1180,1315,1,1
1188,1315,1,1
1196,1315,1,1
1204,1315,1,1
1212,1315,1,1
1220,1315,1,1
1228,1315,1,1
1236,1315,1,1
1244,1315,1,1
1252,1315,1,1
1260,1315,1,1
1268,1315,1,1
1276,1315,1,1
1156,1316,1,1
1164,1316,1,1
1172,1316,1,1
1180,1316,1,1
1188,1316,1,1
1196,1316,1,1
1204,1316,1,1
1212,1316,1,1
1220,1316,1,1
1228,1316,1,1
1236,1316,1,1
1244,1316,1,1
1252,1316,1,1
1260,1316,1,1
1268,1316,1,1
1276,1316,1,1
1156,1317,1,1
1164,1317,1,1
1172,1317,1,1
1180,1317,1,1
1188,1317,1,1
1196,1317,1,1
1204,1317,1,1
1212,1317,1,1
1220,1317,1,1
1228,1317,1,1
1236,1317,1,1
1244,1317,1,1
1252,1317,1,1
1260,1317,1,1
1268,1317,1,1
1276,1317,1,1
1156,1318,1,1
1164,1318,1,1
1172,1318,1,1
1180,1318,1,1
1188,1318,1,1
1196,1318,1,1
1204,1318,1,1
1212,1318,1,1
1220,1318,1,1
1228,1318,1,1
1236,1318,1,1
1244,1318,1,1
1252,1318,1,1
1260,1318,1,1
1268,1318,1,1
1276,1318,1,1
1156,1319,1,1
1164,1319,1,1
1172,1319,1,1
1180,1319,1,1
1188,1319,1,1
1196,1319,1,1
1204,1319,1,1
1212,1319,1,1
1220,1319,1,1
1228,1319,1,1
1236,1319,1,1
1244,1319,1,1
1252,1319,1,1
1260,1319,1,1
1268,1319,1,1
1276,1319,1,1
1157,1320,1,1
1165,1320,1,1
1173,1320,1,1
1181,1320,1,1
1189,1320,1,1
1197,1320,1,1
1205,1320,1,1
1213,1320,1,1
1221,1320,1,1
1229,1320,1,1
1237,1320,1,1
1245,1320,1,1
1253,1320,1,1
1261,1320,1,1
1269,1320,1,1
1277,1320,1,1
1157,1321,1,1
1165,1321,1,1
1173,1321,1,1
1181,1321,1,1
1189,1321,1,1
1197,1321,1,1
1205,1321,1,1
1213,1321,1,1
1221,1321,1,1
1229,1321,1,1
1237,1321,1,1
1245,1321,1,1
1253,1321,1,1
1261,1321,1,1
1269,1321,1,1
1277,1321,1,1
1157,1322,1,1
1165,1322,1,1
1173,1322,1,1
1181,1322,1,1
1189,1322,1,1
1197,1322,1,1
1205,1322,1,1
1213,1322,1,1
1221,1322,1,1
1229,1322,1,1
1237,1322,1,1
1245,1322,1,1
1253,1322,1,1
1261,1322,1,1
1269,1322,1,1
1277,1322,1,1
1157,1323,1,1
1165,1323,1,1
1173,1323,1,1
1181,1323,1,1
1189,1323,1,1
1197,1323,1,1
1205,1323,1,1
1213,1323,1,1
1221,1323,1,1
1229,1323,1,1
1237,1323,1,1
1245,1323,1,1
1253,1323,1,1
1261,1323,1,1
1269,1323,1,1
1277,1323,1,1
1157,1324,1,1
1165,1324,1,1
1173,1324,1,1
1181,1324,1,1
1189,1324,1,1
1197,1324,1,1
1205,1324,1,1
1213,1324,1,1
1221,1324,1,1
1229,1324,1,1
1237,1324,1,1
1245,1324,1,1
1253,1324,1,1
1261,1324,1,1
1269,1324,1,1
1277,1324,1,1
1157,1325,1,1
1165,1325,1,1
1173,1325,1,1
1181,1325,1,1
1189,1325,1,1
1197,1325,1,1
1205,1325,1,1
1213,1325,1,1
1221,1325,1,1
1229,1325,1,1
1237,1325,1,1
1245,1325,1,1
1253,1325,1,1
1261,1325,1,1
1269,1325,1,1
1277,1325,1,1
1157,1326,1,1
1165,1326,1,1
1173,1326,1,1
1181,1326,1,1
1189,1326,1,1
1197,1326,1,1
1205,1326,1,1
1213,1326,1,1
1221,1326,1,1
1229,1326,1,1
1237,1326,1,1
1245,1326,1,1
1253,1326,1,1
1261,1326,1,1
1269,1326,1,1
1277,1326,1,1
1157,1327,1,1
1165,1327,1,1
1173,1327,1,1
1181,1327,1,1
1189,1327,1,1
1197,1327,1,1
1205,1327,1,1
1213,1327,1,1
1221,1327,1,1
1229,1327,1,1
1237,1327,1,1
1245,1327,1,1
1253,1327,1,1
1261,1327,1,1
1269,1327,1,1
1277,1327,1,1
1158,1328,1,1
1166,1328,1,1
1174,1328,1,1
1182,1328,1,1
1190,1328,1,1
1198,1328,1,1
1206,1328,1,1
1214,1328,1,1
1222,1328,1,1
1230,1328,1,1
1238,1328,1,1
1246,1328,1,1
1254,1328,1,1
1262,1328,1,1
1270,1328,1,1
1278,1328,1,1
1158,1329,1,1
1166,1329,1,1
1174,1329,1,1
1182,1329,1,1
1190,1329,1,1
1198,1329,1,1
1206,1329,1,1
1214,1329,1,1
1222,1329,1,1
1230,1329,1,1
1238,1329,1,1
1246,1329,1,1
1254,1329,1,1
1262,1329,1,1
1270,1329,1,1
1278,1329,1,1
1158,1330,1,1
1166,1330,1,1
1174,1330,1,1
1182,1330,1,1
1190,1330,1,1
1198,1330,1,1
1206,1330,1,1
1214,1330,1,1
1222,1330,1,1
1230,1330,1,1
1238,1330,1,1
1246,1330,1,1
1254,1330,1,1
1262,1330,1,1
1270,1330,1,1
1278,1330,1,1
1158,1331,1,1
1166,1331,1,1
1174,1331,1,1
1182,1331,1,1
1190,1331,1,1
1198,1331,1,1
1206,1331,1,1
1214,1331,1,1
1222,1331,1,1
1230,1331,1,1
1238,1331,1,1
1246,1331,1,1
1254,1331,1,1
1262,1331,1,1
1270,1331,1,1
1278,1331,1,1
1158,1332,1,1
1166,1332,1,1
1174,1332,1,1
1182,1332,1,1
1190,1332,1,1
1198,1332,1,1
1206,1332,1,1
1214,1332,1,1
1222,1332,1,1
1230,1332,1,1
1238,1332,1,1
1246,1332,1,1
1254,1332,1,1
1262,1332,1,1
1270,1332,1,1
1278,1332,1,1
1158,1333,1,1
1166,1333,1,1
1174,1333,1,1
1182,1333,1,1
1190,1333,1,1
1198,1333,1,1
1206,1333,1,1
1214,1333,1,1
1222,1333,1,1
1230,1333,1,1
1238,1333,1,1
1246,1333,1,1
1254,1333,1,1
1262,1333,1,1
1270,1333,1,1
1278,1333,1,1
1158,1334,1,1
1166,1334,1,1
1174,1334,1,1
1182,1334,1,1
1190,1334,1,1
1198,1334,1,1
1206,1334,1,1
1214,1334,1,1
1222,1334,1,1
1230,1334,1,1
1238,1334,1,1
1246,1334,1,1
1254,1334,1,1
1262,1334,1,1
1270,1334,1,1
1278,1334,1,1
1158,1335,1,1
1166,1335,1,1
1174,1335,1,1
1182,1335,1,1
1190,1335,1,1
1198,1335,1,1
1206,1335,1,1
1214,1335,1,1
1222,1335,1,1
1230,1335,1,1
1238,1335,1,1
1246,1335,1,1
1254,1335,1,1
1262,1335,1,1
1270,1335,1,1
1278,1335,1,1
1159,1336,1,1
1167,1336,1,1
1175,1336,1,1
1183,1336,1,1
1191,1336,1,1
1199,1336,1,1
1207,1336,1,1
1215,1336,1,1
1223,1336,1,1
1231,1336,1,1
1239,1336,1,1
1247,1336,1,1
1255,1336,1,1
1263,1336,1,1
1271,1336,1,1
1279,1336,1,1
1159,1337,1,1
1167,1337,1,1
1175,1337,1,1
1183,1337,1,1
1191,1337,1,1
1199,1337,1,1
1207,1337,1,1
1215,1337,1,1
1223,1337,1,1
1231,1337,1,1
1239,1337,1,1
1247,1337,1,1
1255,1337,1,1
1263,1337,1,1
1271,1337,1,1
1279,1337,1,1
1159,1338,1,1
1167,1338,1,1
1175,1338,1,1
1183,1338,1,1
1191,1338,1,1
1199,1338,1,1
1207,1338,1,1
1215,1338,1,1
1223,1338,1,1
1231,1338,1,1
1239,1338,1,1
1247,1338,1,1
1255,1338,1,1
1263,1338,1,1
1271,1338,1,1
1279,1338,1,1
1159,1339,1,1
1167,1339,1,1
1175,1339,1,1
1183,1339,1,1
1191,1339,1,1
1199,1339,1,1
1207,1339,1,1
1215,1339,1,1
1223,1339,1,1
1231,1339,1,1
1239,1339,1,1
1247,1339,1,1
1255,1339,1,1
1263,1339,1,1
1271,1339,1,1
1279,1339,1,1
1159,1340,1,1
1167,1340,1,1
1175,1340,1,1
1183,1340,1,1
1191,1340,1,1
1199,1340,1,1
1207,1340,1,1
1215,1340,1,1
1223,1340,1,1
1231,1340,1,1
1239,1340,1,1
1247,1340,1,1
1255,1340,1,1
1263,1340,1,1
1271,1340,1,1
1279,1340,1,1
1159,1341,1,1
1167,1341,1,1
1175,1341,1,1
1183,1341,1,1
1191,1341,1,1
1199,1341,1,1
1207,1341,1,1
1215,1341,1,1
1223,1341,1,1
1231,1341,1,1
1239,1341,1,1
1247,1341,1,1
1255,1341,1,1
1263,1341,1,1
1271,1341,1,1
1279,1341,1,1
1159,1342,1,1
1167,1342,1,1
1175,1342,1,1
1183,1342,1,1
1191,1342,1,1
1199,1342,1,1
1207,1342,1,1
1215,1342,1,1
1223,1342,1,1
1231,1342,1,1
1239,1342,1,1
1247,1342,1,1
1255,1342,1,1
1263,1342,1,1
1271,1342,1,1
1279,1342,1,1
1159,1343,1,1
1167,1343,1,1
1175,1343,1,1
1183,1343,1,1
1191,1343,1,1
1199,1343,1,1
1207,1343,1,1
1215,1343,1,1
1223,1343,1,1
1231,1343,1,1
1239,1343,1,1
1247,1343,1,1
1255,1343,1,1
1263,1343,1,1
1271,1343,1,1
1279,1343,1,1
